Round1
-1.0 -1.0 -1.0 nan -1.0 -1.0 -1.0 -1.0 -1.0 -1.0 -1.0 -1.0 -1.0 100.0 
-1.0 -1.0 -1.0 nan -1.0 -1.0 -1.0 -1.0 -1.0 -1.0 -1.0 -1.0 -1.0 -1.0 
-1.0 -1.0 -1.0 nan -1.0 -1.0 -1.0 nan -1.0 -1.0 -1.0 -1.0 -1.0 -1.0 
-1.0 nan -1.0 nan -1.0 -1.0 -1.0 -1.0 nan -1.0 -1.0 -1.0 -1.0 -1.0 
-1.0 nan -1.0 nan -1.0 -1.0 -1.0 -1.0 -1.0 nan -1.0 -1.0 -1.0 -1.0 
-1.0 nan -1.0 nan -1.0 -1.0 -1.0 -1.0 -1.0 -1.0 nan -1.0 -1.0 -1.0 
-1.0 nan -1.0 -1.0 nan -1.0 -1.0 -1.0 -1.0 -1.0 -1.0 nan -1.0 -1.0 
-1.0 nan -1.0 -1.0 -1.0 nan -1.0 -1.0 -1.0 -1.0 -1.0 -1.0 nan -1.0 
-1.0 nan -1.0 -1.0 -1.0 -1.0 nan -1.0 -1.0 -1.0 -1.0 -1.0 -1.0 nan 
-1.0 nan -1.0 -1.0 -1.0 -1.0 -1.0 nan -1.0 -1.0 -1.0 -1.0 -1.0 -1.0 
-1.0 nan -1.0 -1.0 -1.0 -1.0 -1.0 -1.0 nan -1.0 -1.0 -1.0 -1.0 -1.0 
-1.0 -1.0 nan -1.0 -1.0 -1.0 -1.0 -1.0 -1.0 nan -1.0 -1.0 -1.0 -1.0 
-1.0 -1.0 -1.0 nan -1.0 -1.0 -1.0 -1.0 -1.0 -1.0 -1.0 -1.0 -1.0 -1.0 
-1.0 -1.0 -1.0 -1.0 nan -1.0 -1.0 -1.0 -1.0 -1.0 -1.0 -1.0 -1.0 -1.0 
-1.0 -1.0 -1.0 -1.0 -1.0 nan -1.0 -1.0 -1.0 -1.0 -1.0 -1.0 -1.0 -1.0 
-1.0 -1.0 -1.0 -1.0 -1.0 -1.0 nan -1.0 -1.0 -1.0 -1.0 -1.0 -1.0 -1.0 
-1.0 -1.0 -1.0 -1.0 -1.0 -1.0 -1.0 nan -1.0 -1.0 -1.0 -1.0 -1.0 -1.0 
-1.0 -1.0 -1.0 -1.0 -1.0 -1.0 -1.0 -100.0 nan -1.0 -1.0 -1.0 -1.0 -100.0 
Round2
-1.0 -1.0 -1.0 nan -1.0 -1.0 -1.0 -1.0 -1.0 -1.0 -1.0 -1.0 -1.0 100.0 
-1.0 -1.0 -1.0 nan -1.0 -1.0 -1.0 -1.0 -1.0 -1.0 -1.0 -1.0 -1.0 -1.0 
-1.0 -1.0 -1.0 nan -1.0 -1.0 -1.0 nan -1.0 -1.0 -1.0 -1.0 -1.0 -1.0 
-1.0 nan -1.0 nan -1.0 -1.0 -1.0 -1.0 nan -1.0 -1.0 -1.0 -1.0 -1.0 
-1.0 nan -1.0 nan -1.0 -1.0 -1.0 -1.0 -1.0 nan -1.0 -1.0 -1.0 -1.0 
-1.0 nan -1.0 nan -1.0 -1.0 -1.0 -1.0 -1.0 -1.0 nan -1.0 -1.0 -1.0 
-1.0 nan -1.0 -1.0 nan -1.0 -1.0 -1.0 -1.0 -1.0 -1.0 nan -1.0 -1.0 
-1.0 nan -1.0 -1.0 -1.0 nan -1.0 -1.0 -1.0 -1.0 -1.0 -1.0 nan -1.0 
-1.0 nan -1.0 -1.0 -1.0 -1.0 nan -1.0 -1.0 -1.0 -1.0 -1.0 -1.0 nan 
-1.0 nan -1.0 -1.0 -1.0 -1.0 -1.0 nan -1.0 -1.0 -1.0 -1.0 -1.0 -1.0 
-1.0 nan -1.0 -1.0 -1.0 -1.0 -1.0 -1.0 nan -1.0 -1.0 -1.0 -1.0 -1.0 
-1.0 -1.0 nan -1.0 -1.0 -1.0 -1.0 -1.0 -1.0 nan -1.0 -1.0 -1.0 -1.0 
-1.0 -1.0 -1.0 nan -1.0 -1.0 -1.0 -1.0 -1.0 -1.0 -1.0 -1.0 -1.0 -1.0 
-1.0 -1.0 -1.0 -1.0 nan -1.0 -1.0 -1.0 -1.0 -1.0 -1.0 -1.0 -1.0 -1.0 
-1.0 -1.0 -1.0 -1.0 -1.0 nan -1.0 -1.0 -1.0 -1.0 -1.0 -1.0 -1.0 -1.0 
-1.0 -1.0 -1.0 -1.0 -1.0 -1.0 nan -1.0 -1.0 -1.0 -1.0 -1.0 -1.0 -1.0 
-1.0 -1.0 -1.0 -1.0 -1.0 -1.0 -1.0 nan -1.0 -1.0 -1.0 -1.0 -1.0 -1.0 
-1.0 -1.0 -1.0 -1.0 -1.0 -1.0 -1.0 -100.0 nan -1.0 -1.0 -1.0 -1.0 -100.0 
Round3
-1.0 -1.0 -1.0 nan -1.0 -1.0 -1.0 -1.0 -1.0 -1.0 -1.0 -1.0 -1.0 100.0 
-1.0 -1.0 -1.0 nan -1.0 -1.0 -1.0 -1.0 -1.0 -1.0 -1.0 -1.0 -1.0 -1.0 
-1.0 -1.0 -1.0 nan -1.0 -1.0 -1.0 nan -1.0 -1.0 -1.0 -1.0 -1.0 -1.0 
-1.0 nan -1.0 nan -1.0 -1.0 -1.0 -1.0 nan -1.0 -1.0 -1.0 -1.0 -1.0 
-1.0 nan -1.0 nan -1.0 -1.0 -1.0 -1.0 -1.0 nan -1.0 -1.0 -1.0 -1.0 
-1.0 nan -1.0 nan -1.0 -1.0 -1.0 -1.0 -1.0 -1.0 nan -1.0 -1.0 -1.0 
-1.0 nan -1.0 -1.0 nan -1.0 -1.0 -1.0 -1.0 -1.0 -1.0 nan -1.0 -1.0 
-1.0 nan -1.0 -1.0 -1.0 nan -1.0 -1.0 -1.0 -1.0 -1.0 -1.0 nan -1.0 
-1.0 nan -1.0 -1.0 -1.0 -1.0 nan -1.0 -1.0 -1.0 -1.0 -1.0 -1.0 nan 
-1.0 nan -1.0 -1.0 -1.0 -1.0 -1.0 nan -1.0 -1.0 -1.0 -1.0 -1.0 -1.0 
-1.0 nan -1.0 -1.0 -1.0 -1.0 -1.0 -1.0 nan -1.0 -1.0 -1.0 -1.0 -1.0 
-1.0 -1.0 nan -1.0 -1.0 -1.0 -1.0 -1.0 -1.0 nan -1.0 -1.0 -1.0 -1.0 
-1.0 -1.0 -1.0 nan -1.0 -1.0 -1.0 -1.0 -1.0 -1.0 -1.0 -1.0 -1.0 -1.0 
-1.0 -1.0 -1.0 -1.0 nan -1.0 -1.0 -1.0 -1.0 -1.0 -1.0 -1.0 -1.0 -1.0 
-1.0 -1.0 -1.0 -1.0 -1.0 nan -1.0 -1.0 -1.0 -1.0 -1.0 -1.0 -1.0 -1.0 
-1.0 -1.0 -1.0 -1.0 -1.0 -1.0 nan -1.0 -1.0 -1.0 -1.0 -1.0 -1.0 -1.0 
-1.0 -1.0 -1.0 -1.0 -1.0 -1.0 -1.0 nan -1.0 -1.0 -1.0 -1.0 -1.0 -1.0 
-1.0 -1.0 -1.0 -1.0 -1.0 -1.0 -1.0 -100.0 nan -1.0 -1.0 -1.0 -1.0 -100.0 
Round4
-1.0 -1.0 -1.0 nan -1.0 -1.0 -1.0 -1.0 -1.0 -1.0 -1.0 -1.0 -1.0 100.0 
-1.0 -1.0 -1.0 nan -1.0 -1.0 -1.0 -1.0 -1.0 -1.0 -1.0 -1.0 -1.0 -1.0 
-1.0 -1.0 -1.0 nan -1.0 -1.0 -1.0 nan -1.0 -1.0 -1.0 -1.0 -1.0 -1.0 
-1.0 nan -1.0 nan -1.0 -1.0 -1.0 -1.0 nan -1.0 -1.0 -1.0 -1.0 -1.0 
-1.0 nan -1.0 nan -1.0 -1.0 -1.0 -1.0 -1.0 nan -1.0 -1.0 -1.0 -1.0 
-1.0 nan -1.0 nan -1.0 -1.0 -1.0 -1.0 -1.0 -1.0 nan -1.0 -1.0 -1.0 
-1.0 nan -1.0 -1.0 nan -1.0 -1.0 -1.0 -1.0 -1.0 -1.0 nan -1.0 -1.0 
-1.0 nan -1.0 -1.0 -1.0 nan -1.0 -1.0 -1.0 -1.0 -1.0 -1.0 nan -1.0 
-1.0 nan -1.0 -1.0 -1.0 -1.0 nan -1.0 -1.0 -1.0 -1.0 -1.0 -1.0 nan 
-1.0 nan -1.0 -1.0 -1.0 -1.0 -1.0 nan -1.0 -1.0 -1.0 -1.0 -1.0 -1.0 
-1.0 nan -1.0 -1.0 -1.0 -1.0 -1.0 -1.0 nan -1.0 -1.0 -1.0 -1.0 -1.0 
-1.0 -1.0 nan -1.0 -1.0 -1.0 -1.0 -1.0 -1.0 nan -1.0 -1.0 -1.0 -1.0 
-1.0 -1.0 -1.0 nan -1.0 -1.0 -1.0 -1.0 -1.0 -1.0 -1.0 -1.0 -1.0 -1.0 
-1.0 -1.0 -1.0 -1.0 nan -1.0 -1.0 -1.0 -1.0 -1.0 -1.0 -1.0 -1.0 -1.0 
-1.0 -1.0 -1.0 -1.0 -1.0 nan -1.0 -1.0 -1.0 -1.0 -1.0 -1.0 -1.0 -1.0 
-1.0 -1.0 -1.0 -1.0 -1.0 -1.0 nan -1.0 -1.0 -1.0 -1.0 -1.0 -1.0 -1.0 
-1.0 -1.0 -1.0 -1.0 -1.0 -1.0 -1.0 nan -1.0 -1.0 -1.0 -1.0 -1.0 -1.0 
-1.0 -1.0 -1.0 -1.0 -1.0 -1.0 -1.0 -100.0 nan -1.0 -1.0 -1.0 -1.0 -100.0 
Round5
-1.0 -1.0 -1.0 nan -1.0 -1.0 -1.0 -1.0 -1.0 -1.0 -1.0 -1.0 -1.0 100.0 
-1.0 -1.0 -1.0 nan -1.0 -1.0 -1.0 -1.0 -1.0 -1.0 -1.0 -1.0 -1.0 -1.0 
-1.0 -1.0 -1.0 nan -1.0 -1.0 -1.0 nan -1.0 -1.0 -1.0 -1.0 -1.0 -1.0 
-1.0 nan -1.0 nan -1.0 -1.0 -1.0 -1.0 nan -1.0 -1.0 -1.0 -1.0 -1.0 
-1.0 nan -1.0 nan -1.0 -1.0 -1.0 -1.0 -1.0 nan -1.0 -1.0 -1.0 -1.0 
-1.0 nan -1.0 nan -1.0 -1.0 -1.0 -1.0 -1.0 -1.0 nan -1.0 -1.0 -1.0 
-1.0 nan -1.0 -1.0 nan -1.0 -1.0 -1.0 -1.0 -1.0 -1.0 nan -1.0 -1.0 
-1.0 nan -1.0 -1.0 -1.0 nan -1.0 -1.0 -1.0 -1.0 -1.0 -1.0 nan -1.0 
-1.0 nan -1.0 -1.0 -1.0 -1.0 nan -1.0 -1.0 -1.0 -1.0 -1.0 -1.0 nan 
-1.0 nan -1.0 -1.0 -1.0 -1.0 -1.0 nan -1.0 -1.0 -1.0 -1.0 -1.0 -1.0 
-1.0 nan -1.0 -1.0 -1.0 -1.0 -1.0 -1.0 nan -1.0 -1.0 -1.0 -1.0 -1.0 
-1.0 -1.0 nan -1.0 -1.0 -1.0 -1.0 -1.0 -1.0 nan -1.0 -1.0 -1.0 -1.0 
-1.0 -1.0 -1.0 nan -1.0 -1.0 -1.0 -1.0 -1.0 -1.0 -1.0 -1.0 -1.0 -1.0 
-1.0 -1.0 -1.0 -1.0 nan -1.0 -1.0 -1.0 -1.0 -1.0 -1.0 -1.0 -1.0 -1.0 
-1.0 -1.0 -1.0 -1.0 -1.0 nan -1.0 -1.0 -1.0 -1.0 -1.0 -1.0 -1.0 -1.0 
-1.0 -1.0 -1.0 -1.0 -1.0 -1.0 nan -1.0 -1.0 -1.0 -1.0 -1.0 -1.0 -1.0 
-1.0 -1.0 -1.0 -1.0 -1.0 -1.0 -1.0 nan -1.0 -1.0 -1.0 -1.0 -1.0 -1.0 
-1.0 -1.0 -1.0 -1.0 -1.0 -1.0 -1.0 -100.0 nan -1.0 -1.0 -1.0 -1.0 -100.0 
Round6
-1.0 -1.0 -1.0 nan -1.0 -1.0 -1.0 -1.0 -1.0 -1.0 -1.0 -1.0 -1.0 100.0 
-1.0 -1.0 -1.0 nan -1.0 -1.0 -1.0 -1.0 -1.0 -1.0 -1.0 -1.0 -1.0 -1.0 
-1.0 -1.0 -1.0 nan -1.0 -1.0 -1.0 nan -1.0 -1.0 -1.0 -1.0 -1.0 -1.0 
-1.0 nan -1.0 nan -1.0 -1.0 -1.0 -1.0 nan -1.0 -1.0 -1.0 -1.0 -1.0 
-1.0 nan -1.0 nan -1.0 -1.0 -1.0 -1.0 -1.0 nan -1.0 -1.0 -1.0 -1.0 
-1.0 nan -1.0 nan -1.0 -1.0 -1.0 -1.0 -1.0 -1.0 nan -1.0 -1.0 -1.0 
-1.0 nan -1.0 -1.0 nan -1.0 -1.0 -1.0 -1.0 -1.0 -1.0 nan -1.0 -1.0 
-1.0 nan -1.0 -1.0 -1.0 nan -1.0 -1.0 -1.0 -1.0 -1.0 -1.0 nan -1.0 
-1.0 nan -1.0 -1.0 -1.0 -1.0 nan -1.0 -1.0 -1.0 -1.0 -1.0 -1.0 nan 
-1.0 nan -1.0 -1.0 -1.0 -1.0 -1.0 nan -1.0 -1.0 -1.0 -1.0 -1.0 -1.0 
-1.0 nan -1.0 -1.0 -1.0 -1.0 -1.0 -1.0 nan -1.0 -1.0 -1.0 -1.0 -1.0 
-1.0 -1.0 nan -1.0 -1.0 -1.0 -1.0 -1.0 -1.0 nan -1.0 -1.0 -1.0 -1.0 
-1.0 -1.0 -1.0 nan -1.0 -1.0 -1.0 -1.0 -1.0 -1.0 -1.0 -1.0 -1.0 -1.0 
-1.0 -1.0 -1.0 -1.0 nan -1.0 -1.0 -1.0 -1.0 -1.0 -1.0 -1.0 -1.0 -1.0 
-1.0 -1.0 -1.0 -1.0 -1.0 nan -1.0 -1.0 -1.0 -1.0 -1.0 -1.0 -1.0 -1.0 
-1.0 -1.0 -1.0 -1.0 -1.0 -1.0 nan -1.0 -1.0 -1.0 -1.0 -1.0 -1.0 -1.0 
-1.0 -1.0 -1.0 -1.0 -1.0 -1.0 -1.0 nan -1.0 -1.0 -1.0 -1.0 -1.0 -1.0 
-1.0 -1.0 -1.0 -1.0 -1.0 -1.0 -1.0 -100.0 nan -1.0 -1.0 -1.0 -1.0 -100.0 
Round7
-1.0 -1.0 -1.0 nan -1.0 -1.0 -1.0 -1.0 -1.0 -1.0 -1.0 -1.0 -1.0 100.0 
-1.0 -1.0 -1.0 nan -1.0 -1.0 -1.0 -1.0 -1.0 -1.0 -1.0 -1.0 -1.0 -1.0 
-1.0 -1.0 -1.0 nan -1.0 -1.0 -1.0 nan -1.0 -1.0 -1.0 -1.0 -1.0 -1.0 
-1.0 nan -1.0 nan -1.0 -1.0 -1.0 -1.0 nan -1.0 -1.0 -1.0 -1.0 -1.0 
-1.0 nan -1.0 nan -1.0 -1.0 -1.0 -1.0 -1.0 nan -1.0 -1.0 -1.0 -1.0 
-1.0 nan -1.0 nan -1.0 -1.0 -1.0 -1.0 -1.0 -1.0 nan -1.0 -1.0 -1.0 
-1.0 nan -1.0 -1.0 nan -1.0 -1.0 -1.0 -1.0 -1.0 -1.0 nan -1.0 -1.0 
-1.0 nan -1.0 -1.0 -1.0 nan -1.0 -1.0 -1.0 -1.0 -1.0 -1.0 nan -1.0 
-1.0 nan -1.0 -1.0 -1.0 -1.0 nan -1.0 -1.0 -1.0 -1.0 -1.0 -1.0 nan 
-1.0 nan -1.0 -1.0 -1.0 -1.0 -1.0 nan -1.0 -1.0 -1.0 -1.0 -1.0 -1.0 
-1.0 nan -1.0 -1.0 -1.0 -1.0 -1.0 -1.0 nan -1.0 -1.0 -1.0 -1.0 -1.0 
-1.0 -1.0 nan -1.0 -1.0 -1.0 -1.0 -1.0 -1.0 nan -1.0 -1.0 -1.0 -1.0 
-1.0 -1.0 -1.0 nan -1.0 -1.0 -1.0 -1.0 -1.0 -1.0 -1.0 -1.0 -1.0 -1.0 
-1.0 -1.0 -1.0 -1.0 nan -1.0 -1.0 -1.0 -1.0 -1.0 -1.0 -1.0 -1.0 -1.0 
-1.0 -1.0 -1.0 -1.0 -1.0 nan -1.0 -1.0 -1.0 -1.0 -1.0 -1.0 -1.0 -1.0 
-1.0 -1.0 -1.0 -1.0 -1.0 -1.0 nan -1.0 -1.0 -1.0 -1.0 -1.0 -1.0 -1.0 
-1.0 -1.0 -1.0 -1.0 -1.0 -1.0 -1.0 nan -1.0 -1.0 -1.0 -1.0 -1.0 -1.0 
-1.0 -1.0 -1.0 -1.0 -1.0 -1.0 -1.0 -100.0 nan -1.0 -1.0 -1.0 -1.0 -100.0 
Round8
-1.0 -1.0 -1.0 nan -1.0 -1.0 -1.0 -1.0 -1.0 -1.0 -1.0 -1.0 -1.0 100.0 
-1.0 -1.0 -1.0 nan -1.0 -1.0 -1.0 -1.0 -1.0 -1.0 -1.0 -1.0 -1.0 -1.0 
-1.0 -1.0 -1.0 nan -1.0 -1.0 -1.0 nan -1.0 -1.0 -1.0 -1.0 -1.0 -1.0 
-1.0 nan -1.0 nan -1.0 -1.0 -1.0 -1.0 nan -1.0 -1.0 -1.0 -1.0 -1.0 
-1.0 nan -1.0 nan -1.0 -1.0 -1.0 -1.0 -1.0 nan -1.0 -1.0 -1.0 -1.0 
-1.0 nan -1.0 nan -1.0 -1.0 -1.0 -1.0 -1.0 -1.0 nan -1.0 -1.0 -1.0 
-1.0 nan -1.0 -1.0 nan -1.0 -1.0 -1.0 -1.0 -1.0 -1.0 nan -1.0 -1.0 
-1.0 nan -1.0 -1.0 -1.0 nan -1.0 -1.0 -1.0 -1.0 -1.0 -1.0 nan -1.0 
-1.0 nan -1.0 -1.0 -1.0 -1.0 nan -1.0 -1.0 -1.0 -1.0 -1.0 -1.0 nan 
-1.0 nan -1.0 -1.0 -1.0 -1.0 -1.0 nan -1.0 -1.0 -1.0 -1.0 -1.0 -1.0 
-1.0 nan -1.0 -1.0 -1.0 -1.0 -1.0 -1.0 nan -1.0 -1.0 -1.0 -1.0 -1.0 
-1.0 -1.0 nan -1.0 -1.0 -1.0 -1.0 -1.0 -1.0 nan -1.0 -1.0 -1.0 -1.0 
-1.0 -1.0 -1.0 nan -1.0 -1.0 -1.0 -1.0 -1.0 -1.0 -1.0 -1.0 -1.0 -1.0 
-1.0 -1.0 -1.0 -1.0 nan -1.0 -1.0 -1.0 -1.0 -1.0 -1.0 -1.0 -1.0 -1.0 
-1.0 -1.0 -1.0 -1.0 -1.0 nan -1.0 -1.0 -1.0 -1.0 -1.0 -1.0 -1.0 -1.0 
-1.0 -1.0 -1.0 -1.0 -1.0 -1.0 nan -1.0 -1.0 -1.0 -1.0 -1.0 -1.0 -1.0 
-1.0 -1.0 -1.0 -1.0 -1.0 -1.0 -1.0 nan -1.0 -1.0 -1.0 -1.0 -1.0 -1.0 
-1.0 -1.0 -1.0 -1.0 -1.0 -1.0 -1.0 -100.0 nan -1.0 -1.0 -1.0 -1.0 -100.0 
Round9
-1.0 -1.0 -1.0 nan -1.0 -1.0 -1.0 -1.0 -1.0 -1.0 -1.0 -1.0 -1.0 100.0 
-1.0 -1.0 -1.0 nan -1.0 -1.0 -1.0 -1.0 -1.0 -1.0 -1.0 -1.0 -1.0 -1.0 
-1.0 -1.0 -1.0 nan -1.0 -1.0 -1.0 nan -1.0 -1.0 -1.0 -1.0 -1.0 -1.0 
-1.0 nan -1.0 nan -1.0 -1.0 -1.0 -1.0 nan -1.0 -1.0 -1.0 -1.0 -1.0 
-1.0 nan -1.0 nan -1.0 -1.0 -1.0 -1.0 -1.0 nan -1.0 -1.0 -1.0 -1.0 
-1.0 nan -1.0 nan -1.0 -1.0 -1.0 -1.0 -1.0 -1.0 nan -1.0 -1.0 -1.0 
-1.0 nan -1.0 -1.0 nan -1.0 -1.0 -1.0 -1.0 -1.0 -1.0 nan -1.0 -1.0 
-1.0 nan -1.0 -1.0 -1.0 nan -1.0 -1.0 -1.0 -1.0 -1.0 -1.0 nan -1.0 
-1.0 nan -1.0 -1.0 -1.0 -1.0 nan -1.0 -1.0 -1.0 -1.0 -1.0 -1.0 nan 
-1.0 nan -1.0 -1.0 -1.0 -1.0 -1.0 nan -1.0 -1.0 -1.0 -1.0 -1.0 -1.0 
-1.0 nan -1.0 -1.0 -1.0 -1.0 -1.0 -1.0 nan -1.0 -1.0 -1.0 -1.0 -1.0 
-1.0 -1.0 nan -1.0 -1.0 -1.0 -1.0 -1.0 -1.0 nan -1.0 -1.0 -1.0 -1.0 
-1.0 -1.0 -1.0 nan -1.0 -1.0 -1.0 -1.0 -1.0 -1.0 -1.0 -1.0 -1.0 -1.0 
-1.0 -1.0 -1.0 -1.0 nan -1.0 -1.0 -1.0 -1.0 -1.0 -1.0 -1.0 -1.0 -1.0 
-1.0 -1.0 -1.0 -1.0 -1.0 nan -1.0 -1.0 -1.0 -1.0 -1.0 -1.0 -1.0 -1.0 
-1.0 -1.0 -1.0 -1.0 -1.0 -1.0 nan -1.0 -1.0 -1.0 -1.0 -1.0 -1.0 -1.0 
-1.0 -1.0 -1.0 -1.0 -1.0 -1.0 -1.0 nan -1.0 -1.0 -1.0 -1.0 -1.0 -1.0 
-1.0 -1.0 -1.0 -1.0 -1.0 -1.0 -1.0 -100.0 nan -1.0 -1.0 -1.0 -1.0 -100.0 
Round10
-1.0 -1.0 -1.0 nan -1.0 -1.0 -1.0 -1.0 -1.0 -1.0 -1.0 -1.0 -1.0 100.0 
-1.0 -1.0 -1.0 nan -1.0 -1.0 -1.0 -1.0 -1.0 -1.0 -1.0 -1.0 -1.0 -1.0 
-1.0 -1.0 -1.0 nan -1.0 -1.0 -1.0 nan -1.0 -1.0 -1.0 -1.0 -1.0 -1.0 
-1.0 nan -1.0 nan -1.0 -1.0 -1.0 -1.0 nan -1.0 -1.0 -1.0 -1.0 -1.0 
-1.0 nan -1.0 nan -1.0 -1.0 -1.0 -1.0 -1.0 nan -1.0 -1.0 -1.0 -1.0 
-1.0 nan -1.0 nan -1.0 -1.0 -1.0 -1.0 -1.0 -1.0 nan -1.0 -1.0 -1.0 
-1.0 nan -1.0 -1.0 nan -1.0 -1.0 -1.0 -1.0 -1.0 -1.0 nan -1.0 -1.0 
-1.0 nan -1.0 -1.0 -1.0 nan -1.0 -1.0 -1.0 -1.0 -1.0 -1.0 nan -1.0 
-1.0 nan -1.0 -1.0 -1.0 -1.0 nan -1.0 -1.0 -1.0 -1.0 -1.0 -1.0 nan 
-1.0 nan -1.0 -1.0 -1.0 -1.0 -1.0 nan -1.0 -1.0 -1.0 -1.0 -1.0 -1.0 
-1.0 nan -1.0 -1.0 -1.0 -1.0 -1.0 -1.0 nan -1.0 -1.0 -1.0 -1.0 -1.0 
-1.0 -1.0 nan -1.0 -1.0 -1.0 -1.0 -1.0 -1.0 nan -1.0 -1.0 -1.0 -1.0 
-1.0 -1.0 -1.0 nan -1.0 -1.0 -1.0 -1.0 -1.0 -1.0 -1.0 -1.0 -1.0 -1.0 
-1.0 -1.0 -1.0 -1.0 nan -1.0 -1.0 -1.0 -1.0 -1.0 -1.0 -1.0 -1.0 -1.0 
-1.0 -1.0 -1.0 -1.0 -1.0 nan -1.0 -1.0 -1.0 -1.0 -1.0 -1.0 -1.0 -1.0 
-1.0 -1.0 -1.0 -1.0 -1.0 -1.0 nan -1.0 -1.0 -1.0 -1.0 -1.0 -1.0 -1.0 
-1.0 -1.0 -1.0 -1.0 -1.0 -1.0 -1.0 nan -1.0 -1.0 -1.0 -1.0 -1.0 -1.0 
-1.0 -1.0 -1.0 -1.0 -1.0 -1.0 -1.0 -100.0 nan -1.0 -1.0 -1.0 -1.0 -100.0 
Round11
-1.0 -1.0 -1.0 nan -1.0 -1.0 -1.0 -1.0 -1.0 -1.0 -1.0 -1.0 -1.0 100.0 
-1.0 -1.0 -1.0 nan -1.0 -1.0 -1.0 -1.0 -1.0 -1.0 -1.0 -1.0 -1.0 -1.0 
-1.0 -1.0 -1.0 nan -1.0 -1.0 -1.0 nan -1.0 -1.0 -1.0 -1.0 -1.0 -1.0 
-1.0 nan -1.0 nan -1.0 -1.0 -1.0 -1.0 nan -1.0 -1.0 -1.0 -1.0 -1.0 
-1.0 nan -1.0 nan -1.0 -1.0 -1.0 -1.0 -1.0 nan -1.0 -1.0 -1.0 -1.0 
-1.0 nan -1.0 nan -1.0 -1.0 -1.0 -1.0 -1.0 -1.0 nan -1.0 -1.0 -1.0 
-1.0 nan -1.0 -1.0 nan -1.0 -1.0 -1.0 -1.0 -1.0 -1.0 nan -1.0 -1.0 
-1.0 nan -1.0 -1.0 -1.0 nan -1.0 -1.0 -1.0 -1.0 -1.0 -1.0 nan -1.0 
-1.0 nan -1.0 -1.0 -1.0 -1.0 nan -1.0 -1.0 -1.0 -1.0 -1.0 -1.0 nan 
-1.0 nan -1.0 -1.0 -1.0 -1.0 -1.0 nan -1.0 -1.0 -1.0 -1.0 -1.0 -1.0 
-1.0 nan -1.0 -1.0 -1.0 -1.0 -1.0 -1.0 nan -1.0 -1.0 -1.0 -1.0 -1.0 
-1.0 -1.0 nan -1.0 -1.0 -1.0 -1.0 -1.0 -1.0 nan -1.0 -1.0 -1.0 -1.0 
-1.0 -1.0 -1.0 nan -1.0 -1.0 -1.0 -1.0 -1.0 -1.0 -1.0 -1.0 -1.0 -1.0 
-1.0 -1.0 -1.0 -1.0 nan -1.0 -1.0 -1.0 -1.0 -1.0 -1.0 -1.0 -1.0 -1.0 
-1.0 -1.0 -1.0 -1.0 -1.0 nan -1.0 -1.0 -1.0 -1.0 -1.0 -1.0 -1.0 -1.0 
-1.0 -1.0 -1.0 -1.0 -1.0 -1.0 nan -1.0 -1.0 -1.0 -1.0 -1.0 -1.0 -1.0 
-1.0 -1.0 -1.0 -1.0 -1.0 -1.0 -1.0 nan -1.0 -1.0 -1.0 -1.0 -1.0 -1.0 
-1.0 -1.0 -1.0 -1.0 -1.0 -1.0 -1.0 -100.0 nan -1.0 -1.0 -1.0 -1.0 -100.0 
Round12
-1.0 -1.0 -1.0 nan -1.0 -1.0 -1.0 -1.0 -1.0 -1.0 -1.0 -1.0 -1.0 100.0 
-1.0 -1.0 -1.0 nan -1.0 -1.0 -1.0 -1.0 -1.0 -1.0 -1.0 -1.0 -1.0 -1.0 
-1.0 -1.0 -1.0 nan -1.0 -1.0 -1.0 nan -1.0 -1.0 -1.0 -1.0 -1.0 -1.0 
-1.0 nan -1.0 nan -1.0 -1.0 -1.0 -1.0 nan -1.0 -1.0 -1.0 -1.0 -1.0 
-1.0 nan -1.0 nan -1.0 -1.0 -1.0 -1.0 -1.0 nan -1.0 -1.0 -1.0 -1.0 
-1.0 nan -1.0 nan -1.0 -1.0 -1.0 -1.0 -1.0 -1.0 nan -1.0 -1.0 -1.0 
-1.0 nan -1.0 -1.0 nan -1.0 -1.0 -1.0 -1.0 -1.0 -1.0 nan -1.0 -1.0 
-1.0 nan -1.0 -1.0 -1.0 nan -1.0 -1.0 -1.0 -1.0 -1.0 -1.0 nan -1.0 
-1.0 nan -1.0 -1.0 -1.0 -1.0 nan -1.0 -1.0 -1.0 -1.0 -1.0 -1.0 nan 
-1.0 nan -1.0 -1.0 -1.0 -1.0 -1.0 nan -1.0 -1.0 -1.0 -1.0 -1.0 -1.0 
-1.0 nan -1.0 -1.0 -1.0 -1.0 -1.0 -1.0 nan -1.0 -1.0 -1.0 -1.0 -1.0 
-1.0 -1.0 nan -1.0 -1.0 -1.0 -1.0 -1.0 -1.0 nan -1.0 -1.0 -1.0 -1.0 
-1.0 -1.0 -1.0 nan -1.0 -1.0 -1.0 -1.0 -1.0 -1.0 -1.0 -1.0 -1.0 -1.0 
-1.0 -1.0 -1.0 -1.0 nan -1.0 -1.0 -1.0 -1.0 -1.0 -1.0 -1.0 -1.0 -1.0 
-1.0 -1.0 -1.0 -1.0 -1.0 nan -1.0 -1.0 -1.0 -1.0 -1.0 -1.0 -1.0 -1.0 
-1.0 -1.0 -1.0 -1.0 -1.0 -1.0 nan -1.0 -1.0 -1.0 -1.0 -1.0 -1.0 -1.0 
-1.0 -1.0 -1.0 -1.0 -1.0 -1.0 -1.0 nan -1.0 -1.0 -1.0 -1.0 -1.0 -1.0 
-1.0 -1.0 -1.0 -1.0 -1.0 -1.0 -1.0 -100.0 nan -1.0 -1.0 -1.0 -1.0 -100.0 
Round13
-1.0 -1.0 -1.0 nan -1.0 -1.0 -1.0 -1.0 -1.0 -1.0 -1.0 -1.0 -1.0 100.0 
-1.0 -1.0 -1.0 nan -1.0 -1.0 -1.0 -1.0 -1.0 -1.0 -1.0 -1.0 -1.0 -1.0 
-1.0 -1.0 -1.0 nan -1.0 -1.0 -1.0 nan -1.0 -1.0 -1.0 -1.0 -1.0 -1.0 
-1.0 nan -1.0 nan -1.0 -1.0 -1.0 -1.0 nan -1.0 -1.0 -1.0 -1.0 -1.0 
-1.0 nan -1.0 nan -1.0 -1.0 -1.0 -1.0 -1.0 nan -1.0 -1.0 -1.0 -1.0 
-1.0 nan -1.0 nan -1.0 -1.0 -1.0 -1.0 -1.0 -1.0 nan -1.0 -1.0 -1.0 
-1.0 nan -1.0 -1.0 nan -1.0 -1.0 -1.0 -1.0 -1.0 -1.0 nan -1.0 -1.0 
-1.0 nan -1.0 -1.0 -1.0 nan -1.0 -1.0 -1.0 -1.0 -1.0 -1.0 nan -1.0 
-1.0 nan -1.0 -1.0 -1.0 -1.0 nan -1.0 -1.0 -1.0 -1.0 -1.0 -1.0 nan 
-1.0 nan -1.0 -1.0 -1.0 -1.0 -1.0 nan -1.0 -1.0 -1.0 -1.0 -1.0 -1.0 
-1.0 nan -1.0 -1.0 -1.0 -1.0 -1.0 -1.0 nan -1.0 -1.0 -1.0 -1.0 -1.0 
-1.0 -1.0 nan -1.0 -1.0 -1.0 -1.0 -1.0 -1.0 nan -1.0 -1.0 -1.0 -1.0 
-1.0 -1.0 -1.0 nan -1.0 -1.0 -1.0 -1.0 -1.0 -1.0 -1.0 -1.0 -1.0 -1.0 
-1.0 -1.0 -1.0 -1.0 nan -1.0 -1.0 -1.0 -1.0 -1.0 -1.0 -1.0 -1.0 -1.0 
-1.0 -1.0 -1.0 -1.0 -1.0 nan -1.0 -1.0 -1.0 -1.0 -1.0 -1.0 -1.0 -1.0 
-1.0 -1.0 -1.0 -1.0 -1.0 -1.0 nan -1.0 -1.0 -1.0 -1.0 -1.0 -1.0 -1.0 
-1.0 -1.0 -1.0 -1.0 -1.0 -1.0 -1.0 nan -1.0 -1.0 -1.0 -1.0 -1.0 -1.0 
-1.0 -1.0 -1.0 -1.0 -1.0 -1.0 -1.0 -100.0 nan -1.0 -1.0 -1.0 -1.0 -100.0 
Round14
-1.0 -1.0 -1.0 nan -1.0 -1.0 -1.0 -1.0 -1.0 -1.0 -1.0 -1.0 -1.0 100.0 
-1.0 -1.0 -1.0 nan -1.0 -1.0 -1.0 -1.0 -1.0 -1.0 -1.0 -1.0 -1.0 -1.0 
-1.0 -1.0 -1.0 nan -1.0 -1.0 -1.0 nan -1.0 -1.0 -1.0 -1.0 -1.0 -1.0 
-1.0 nan -1.0 nan -1.0 -1.0 -1.0 -1.0 nan -1.0 -1.0 -1.0 -1.0 -1.0 
-1.0 nan -1.0 nan -1.0 -1.0 -1.0 -1.0 -1.0 nan -1.0 -1.0 -1.0 -1.0 
-1.0 nan -1.0 nan -1.0 -1.0 -1.0 -1.0 -1.0 -1.0 nan -1.0 -1.0 -1.0 
-1.0 nan -1.0 -1.0 nan -1.0 -1.0 -1.0 -1.0 -1.0 -1.0 nan -1.0 -1.0 
-1.0 nan -1.0 -1.0 -1.0 nan -1.0 -1.0 -1.0 -1.0 -1.0 -1.0 nan -1.0 
-1.0 nan -1.0 -1.0 -1.0 -1.0 nan -1.0 -1.0 -1.0 -1.0 -1.0 -1.0 nan 
-1.0 nan -1.0 -1.0 -1.0 -1.0 -1.0 nan -1.0 -1.0 -1.0 -1.0 -1.0 -1.0 
-1.0 nan -1.0 -1.0 -1.0 -1.0 -1.0 -1.0 nan -1.0 -1.0 -1.0 -1.0 -1.0 
-1.0 -1.0 nan -1.0 -1.0 -1.0 -1.0 -1.0 -1.0 nan -1.0 -1.0 -1.0 -1.0 
-1.0 -1.0 -1.0 nan -1.0 -1.0 -1.0 -1.0 -1.0 -1.0 -1.0 -1.0 -1.0 -1.0 
-1.0 -1.0 -1.0 -1.0 nan -1.0 -1.0 -1.0 -1.0 -1.0 -1.0 -1.0 -1.0 -1.0 
-1.0 -1.0 -1.0 -1.0 -1.0 nan -1.0 -1.0 -1.0 -1.0 -1.0 -1.0 -1.0 -1.0 
-1.0 -1.0 -1.0 -1.0 -1.0 -1.0 nan -1.0 -1.0 -1.0 -1.0 -1.0 -1.0 -1.0 
-1.0 -1.0 -1.0 -1.0 -1.0 -1.0 -1.0 nan -1.0 -1.0 -1.0 -1.0 -1.0 -1.0 
-1.0 -1.0 -1.0 -1.0 -1.0 -1.0 -1.0 -100.0 nan -1.0 -1.0 -1.0 -1.0 -100.0 
Round15
-1.0 -1.0 -1.0 nan -1.0 -1.0 -1.0 -1.0 -1.0 -1.0 -1.0 -1.0 -1.0 100.0 
-1.0 -1.0 -1.0 nan -1.0 -1.0 -1.0 -1.0 -1.0 -1.0 -1.0 -1.0 -1.0 -1.0 
-1.0 -1.0 -1.0 nan -1.0 -1.0 -1.0 nan -1.0 -1.0 -1.0 -1.0 -1.0 -1.0 
-1.0 nan -1.0 nan -1.0 -1.0 -1.0 -1.0 nan -1.0 -1.0 -1.0 -1.0 -1.0 
-1.0 nan -1.0 nan -1.0 -1.0 -1.0 -1.0 -1.0 nan -1.0 -1.0 -1.0 -1.0 
-1.0 nan -1.0 nan -1.0 -1.0 -1.0 -1.0 -1.0 -1.0 nan -1.0 -1.0 -1.0 
-1.0 nan -1.0 -1.0 nan -1.0 -1.0 -1.0 -1.0 -1.0 -1.0 nan -1.0 -1.0 
-1.0 nan -1.0 -1.0 -1.0 nan -1.0 -1.0 -1.0 -1.0 -1.0 -1.0 nan -1.0 
-1.0 nan -1.0 -1.0 -1.0 -1.0 nan -1.0 -1.0 -1.0 -1.0 -1.0 -1.0 nan 
-1.0 nan -1.0 -1.0 -1.0 -1.0 -1.0 nan -1.0 -1.0 -1.0 -1.0 -1.0 -1.0 
-1.0 nan -1.0 -1.0 -1.0 -1.0 -1.0 -1.0 nan -1.0 -1.0 -1.0 -1.0 -1.0 
-1.0 -1.0 nan -1.0 -1.0 -1.0 -1.0 -1.0 -1.0 nan -1.0 -1.0 -1.0 -1.0 
-1.0 -1.0 -1.0 nan -1.0 -1.0 -1.0 -1.0 -1.0 -1.0 -1.0 -1.0 -1.0 -1.0 
-1.0 -1.0 -1.0 -1.0 nan -1.0 -1.0 -1.0 -1.0 -1.0 -1.0 -1.0 -1.0 -1.0 
-1.0 -1.0 -1.0 -1.0 -1.0 nan -1.0 -1.0 -1.0 -1.0 -1.0 -1.0 -1.0 -1.0 
-1.0 -1.0 -1.0 -1.0 -1.0 -1.0 nan -1.0 -1.0 -1.0 -1.0 -1.0 -1.0 -1.0 
-1.0 -1.0 -1.0 -1.0 -1.0 -1.0 -1.0 nan -1.0 -1.0 -1.0 -1.0 -1.0 -1.0 
-1.0 -1.0 -1.0 -1.0 -1.0 -1.0 -1.0 -100.0 nan -1.0 -1.0 -1.0 -1.0 -100.0 
Round16
-1.0 -1.0 -1.0 nan -1.0 -1.0 -1.0 -1.0 -1.0 -1.0 -1.0 -1.0 -1.0 100.0 
-1.0 -1.0 -1.0 nan -1.0 -1.0 -1.0 -1.0 -1.0 -1.0 -1.0 -1.0 -1.0 -1.0 
-1.0 -1.0 -1.0 nan -1.0 -1.0 -1.0 nan -1.0 -1.0 -1.0 -1.0 -1.0 -1.0 
-1.0 nan -1.0 nan -1.0 -1.0 -1.0 -1.0 nan -1.0 -1.0 -1.0 -1.0 -1.0 
-1.0 nan -1.0 nan -1.0 -1.0 -1.0 -1.0 -1.0 nan -1.0 -1.0 -1.0 -1.0 
-1.0 nan -1.0 nan -1.0 -1.0 -1.0 -1.0 -1.0 -1.0 nan -1.0 -1.0 -1.0 
-1.0 nan -1.0 -1.0 nan -1.0 -1.0 -1.0 -1.0 -1.0 -1.0 nan -1.0 -1.0 
-1.0 nan -1.0 -1.0 -1.0 nan -1.0 -1.0 -1.0 -1.0 -1.0 -1.0 nan -1.0 
-1.0 nan -1.0 -1.0 -1.0 -1.0 nan -1.0 -1.0 -1.0 -1.0 -1.0 -1.0 nan 
-1.0 nan -1.0 -1.0 -1.0 -1.0 -1.0 nan -1.0 -1.0 -1.0 -1.0 -1.0 -1.0 
-1.0 nan -1.0 -1.0 -1.0 -1.0 -1.0 -1.0 nan -1.0 -1.0 -1.0 -1.0 -1.0 
-1.0 -1.0 nan -1.0 -1.0 -1.0 -1.0 -1.0 -1.0 nan -1.0 -1.0 -1.0 -1.0 
-1.0 -1.0 -1.0 nan -1.0 -1.0 -1.0 -1.0 -1.0 -1.0 -1.0 -1.0 -1.0 -1.0 
-1.0 -1.0 -1.0 -1.0 nan -1.0 -1.0 -1.0 -1.0 -1.0 -1.0 -1.0 -1.0 -1.0 
-1.0 -1.0 -1.0 -1.0 -1.0 nan -1.0 -1.0 -1.0 -1.0 -1.0 -1.0 -1.0 -1.0 
-1.0 -1.0 -1.0 -1.0 -1.0 -1.0 nan -1.0 -1.0 -1.0 -1.0 -1.0 -1.0 -1.0 
-1.0 -1.0 -1.0 -1.0 -1.0 -1.0 -1.0 nan -1.0 -1.0 -1.0 -1.0 -1.0 -1.0 
-1.0 -1.0 -1.0 -1.0 -1.0 -1.0 -1.0 -100.0 nan -1.0 -1.0 -1.0 -1.0 -100.0 
Round17
-1.0 -1.0 -1.0 nan -1.0 -1.0 -1.0 -1.0 -1.0 -1.0 -1.0 -1.0 -1.0 100.0 
-1.0 -1.0 -1.0 nan -1.0 -1.0 -1.0 -1.0 -1.0 -1.0 -1.0 -1.0 -1.0 -1.0 
-1.0 -1.0 -1.0 nan -1.0 -1.0 -1.0 nan -1.0 -1.0 -1.0 -1.0 -1.0 -1.0 
-1.0 nan -1.0 nan -1.0 -1.0 -1.0 -1.0 nan -1.0 -1.0 -1.0 -1.0 -1.0 
-1.0 nan -1.0 nan -1.0 -1.0 -1.0 -1.0 -1.0 nan -1.0 -1.0 -1.0 -1.0 
-1.0 nan -1.0 nan -1.0 -1.0 -1.0 -1.0 -1.0 -1.0 nan -1.0 -1.0 -1.0 
-1.0 nan -1.0 -1.0 nan -1.0 -1.0 -1.0 -1.0 -1.0 -1.0 nan -1.0 -1.0 
-1.0 nan -1.0 -1.0 -1.0 nan -1.0 -1.0 -1.0 -1.0 -1.0 -1.0 nan -1.0 
-1.0 nan -1.0 -1.0 -1.0 -1.0 nan -1.0 -1.0 -1.0 -1.0 -1.0 -1.0 nan 
-1.0 nan -1.0 -1.0 -1.0 -1.0 -1.0 nan -1.0 -1.0 -1.0 -1.0 -1.0 -1.0 
-1.0 nan -1.0 -1.0 -1.0 -1.0 -1.0 -1.0 nan -1.0 -1.0 -1.0 -1.0 -1.0 
-1.0 -1.0 nan -1.0 -1.0 -1.0 -1.0 -1.0 -1.0 nan -1.0 -1.0 -1.0 -1.0 
-1.0 -1.0 -1.0 nan -1.0 -1.0 -1.0 -1.0 -1.0 -1.0 -1.0 -1.0 -1.0 -1.0 
-1.0 -1.0 -1.0 -1.0 nan -1.0 -1.0 -1.0 -1.0 -1.0 -1.0 -1.0 -1.0 -1.0 
-1.0 -1.0 -1.0 -1.0 -1.0 nan -1.0 -1.0 -1.0 -1.0 -1.0 -1.0 -1.0 -1.0 
-1.0 -1.0 -1.0 -1.0 -1.0 -1.0 nan -1.0 -1.0 -1.0 -1.0 -1.0 -1.0 -1.0 
-1.0 -1.0 -1.0 -1.0 -1.0 -1.0 -1.0 nan -1.0 -1.0 -1.0 -1.0 -1.0 -1.0 
-1.0 -1.0 -1.0 -1.0 -1.0 -1.0 -1.0 -100.0 nan -1.0 -1.0 -1.0 -1.0 -100.0 
Round18
-1.0 -1.0 -1.0 nan -1.0 -1.0 -1.0 -1.0 -1.0 -1.0 -1.0 -1.0 -1.0 100.0 
-1.0 -1.0 -1.0 nan -1.0 -1.0 -1.0 -1.0 -1.0 -1.0 -1.0 -1.0 -1.0 -1.0 
-1.0 -1.0 -1.0 nan -1.0 -1.0 -1.0 nan -1.0 -1.0 -1.0 -1.0 -1.0 -1.0 
-1.0 nan -1.0 nan -1.0 -1.0 -1.0 -1.0 nan -1.0 -1.0 -1.0 -1.0 -1.0 
-1.0 nan -1.0 nan -1.0 -1.0 -1.0 -1.0 -1.0 nan -1.0 -1.0 -1.0 -1.0 
-1.0 nan -1.0 nan -1.0 -1.0 -1.0 -1.0 -1.0 -1.0 nan -1.0 -1.0 -1.0 
-1.0 nan -1.0 -1.0 nan -1.0 -1.0 -1.0 -1.0 -1.0 -1.0 nan -1.0 -1.0 
-1.0 nan -1.0 -1.0 -1.0 nan -1.0 -1.0 -1.0 -1.0 -1.0 -1.0 nan -1.0 
-1.0 nan -1.0 -1.0 -1.0 -1.0 nan -1.0 -1.0 -1.0 -1.0 -1.0 -1.0 nan 
-1.0 nan -1.0 -1.0 -1.0 -1.0 -1.0 nan -1.0 -1.0 -1.0 -1.0 -1.0 -1.0 
-1.0 nan -1.0 -1.0 -1.0 -1.0 -1.0 -1.0 nan -1.0 -1.0 -1.0 -1.0 -1.0 
-1.0 -1.0 nan -1.0 -1.0 -1.0 -1.0 -1.0 -1.0 nan -1.0 -1.0 -1.0 -1.0 
-1.0 -1.0 -1.0 nan -1.0 -1.0 -1.0 -1.0 -1.0 -1.0 -1.0 -1.0 -1.0 -1.0 
-1.0 -1.0 -1.0 -1.0 nan -1.0 -1.0 -1.0 -1.0 -1.0 -1.0 -1.0 -1.0 -1.0 
-1.0 -1.0 -1.0 -1.0 -1.0 nan -1.0 -1.0 -1.0 -1.0 -1.0 -1.0 -1.0 -1.0 
-1.0 -1.0 -1.0 -1.0 -1.0 -1.0 nan -1.0 -1.0 -1.0 -1.0 -1.0 -1.0 -1.0 
-1.0 -1.0 -1.0 -1.0 -1.0 -1.0 -1.0 nan -1.0 -1.0 -1.0 -1.0 -1.0 -1.0 
-1.0 -1.0 -1.0 -1.0 -1.0 -1.0 -1.0 -100.0 nan -1.0 -1.0 -1.0 -1.0 -100.0 
Round19
-1.0 -1.0 -1.0 nan -1.0 -1.0 -1.0 -1.0 -1.0 -1.0 -1.0 -1.0 -1.0 100.0 
-1.0 -1.0 -1.0 nan -1.0 -1.0 -1.0 -1.0 -1.0 -1.0 -1.0 -1.0 -1.0 -1.0 
-1.0 -1.0 -1.0 nan -1.0 -1.0 -1.0 nan -1.0 -1.0 -1.0 -1.0 -1.0 -1.0 
-1.0 nan -1.0 nan -1.0 -1.0 -1.0 -1.0 nan -1.0 -1.0 -1.0 -1.0 -1.0 
-1.0 nan -1.0 nan -1.0 -1.0 -1.0 -1.0 -1.0 nan -1.0 -1.0 -1.0 -1.0 
-1.0 nan -1.0 nan -1.0 -1.0 -1.0 -1.0 -1.0 -1.0 nan -1.0 -1.0 -1.0 
-1.0 nan -1.0 -1.0 nan -1.0 -1.0 -1.0 -1.0 -1.0 -1.0 nan -1.0 -1.0 
-1.0 nan -1.0 -1.0 -1.0 nan -1.0 -1.0 -1.0 -1.0 -1.0 -1.0 nan -1.0 
-1.0 nan -1.0 -1.0 -1.0 -1.0 nan -1.0 -1.0 -1.0 -1.0 -1.0 -1.0 nan 
-1.0 nan -1.0 -1.0 -1.0 -1.0 -1.0 nan -1.0 -1.0 -1.0 -1.0 -1.0 -1.0 
-1.0 nan -1.0 -1.0 -1.0 -1.0 -1.0 -1.0 nan -1.0 -1.0 -1.0 -1.0 -1.0 
-1.0 -1.0 nan -1.0 -1.0 -1.0 -1.0 -1.0 -1.0 nan -1.0 -1.0 -1.0 -1.0 
-1.0 -1.0 -1.0 nan -1.0 -1.0 -1.0 -1.0 -1.0 -1.0 -1.0 -1.0 -1.0 -1.0 
-1.0 -1.0 -1.0 -1.0 nan -1.0 -1.0 -1.0 -1.0 -1.0 -1.0 -1.0 -1.0 -1.0 
-1.0 -1.0 -1.0 -1.0 -1.0 nan -1.0 -1.0 -1.0 -1.0 -1.0 -1.0 -1.0 -1.0 
-1.0 -1.0 -1.0 -1.0 -1.0 -1.0 nan -1.0 -1.0 -1.0 -1.0 -1.0 -1.0 -1.0 
-1.0 -1.0 -1.0 -1.0 -1.0 -1.0 -1.0 nan -1.0 -1.0 -1.0 -1.0 -1.0 -1.0 
-1.0 -1.0 -1.0 -1.0 -1.0 -1.0 -1.0 -100.0 nan -1.0 -1.0 -1.0 -1.0 -100.0 
Round20
-1.0 -1.0 -1.0 nan -1.0 -1.0 -1.0 -1.0 -1.0 -1.0 -1.0 -1.0 -1.0 100.0 
-1.0 -1.0 -1.0 nan -1.0 -1.0 -1.0 -1.0 -1.0 -1.0 -1.0 -1.0 -1.0 -1.0 
-1.0 -1.0 -1.0 nan -1.0 -1.0 -1.0 nan -1.0 -1.0 -1.0 -1.0 -1.0 -1.0 
-1.0 nan -1.0 nan -1.0 -1.0 -1.0 -1.0 nan -1.0 -1.0 -1.0 -1.0 -1.0 
-1.0 nan -1.0 nan -1.0 -1.0 -1.0 -1.0 -1.0 nan -1.0 -1.0 -1.0 -1.0 
-1.0 nan -1.0 nan -1.0 -1.0 -1.0 -1.0 -1.0 -1.0 nan -1.0 -1.0 -1.0 
-1.0 nan -1.0 -1.0 nan -1.0 -1.0 -1.0 -1.0 -1.0 -1.0 nan -1.0 -1.0 
-1.0 nan -1.0 -1.0 -1.0 nan -1.0 -1.0 -1.0 -1.0 -1.0 -1.0 nan -1.0 
-1.0 nan -1.0 -1.0 -1.0 -1.0 nan -1.0 -1.0 -1.0 -1.0 -1.0 -1.0 nan 
-1.0 nan -1.0 -1.0 -1.0 -1.0 -1.0 nan -1.0 -1.0 -1.0 -1.0 -1.0 -1.0 
-1.0 nan -1.0 -1.0 -1.0 -1.0 -1.0 -1.0 nan -1.0 -1.0 -1.0 -1.0 -1.0 
-1.0 -1.0 nan -1.0 -1.0 -1.0 -1.0 -1.0 -1.0 nan -1.0 -1.0 -1.0 -1.0 
-1.0 -1.0 -1.0 nan -1.0 -1.0 -1.0 -1.0 -1.0 -1.0 -1.0 -1.0 -1.0 -1.0 
-1.0 -1.0 -1.0 -1.0 nan -1.0 -1.0 -1.0 -1.0 -1.0 -1.0 -1.0 -1.0 -1.0 
-1.0 -1.0 -1.0 -1.0 -1.0 nan -1.0 -1.0 -1.0 -1.0 -1.0 -1.0 -1.0 -1.0 
-1.0 -1.0 -1.0 -1.0 -1.0 -1.0 nan -1.0 -1.0 -1.0 -1.0 -1.0 -1.0 -1.0 
-1.0 -1.0 -1.0 -1.0 -1.0 -1.0 -1.0 nan -1.0 -1.0 -1.0 -1.0 -1.0 -1.0 
-1.0 -1.0 -1.0 -1.0 -1.0 -1.0 -1.0 -100.0 nan -1.0 -1.0 -1.0 -1.0 -100.0 
Round21
-1.0 -1.0 -1.0 nan -1.0 -1.0 -1.0 -1.0 -1.0 -1.0 -1.0 -1.0 -1.0 100.0 
-1.0 -1.0 -1.0 nan -1.0 -1.0 -1.0 -1.0 -1.0 -1.0 -1.0 -1.0 -1.0 -1.0 
-1.0 -1.0 -1.0 nan -1.0 -1.0 -1.0 nan -1.0 -1.0 -1.0 -1.0 -1.0 -1.0 
-1.0 nan -1.0 nan -1.0 -1.0 -1.0 -1.0 nan -1.0 -1.0 -1.0 -1.0 -1.0 
-1.0 nan -1.0 nan -1.0 -1.0 -1.0 -1.0 -1.0 nan -1.0 -1.0 -1.0 -1.0 
-1.0 nan -1.0 nan -1.0 -1.0 -1.0 -1.0 -1.0 -1.0 nan -1.0 -1.0 -1.0 
-1.0 nan -1.0 -1.0 nan -1.0 -1.0 -1.0 -1.0 -1.0 -1.0 nan -1.0 -1.0 
-1.0 nan -1.0 -1.0 -1.0 nan -1.0 -1.0 -1.0 -1.0 -1.0 -1.0 nan -1.0 
-1.0 nan -1.0 -1.0 -1.0 -1.0 nan -1.0 -1.0 -1.0 -1.0 -1.0 -1.0 nan 
-1.0 nan -1.0 -1.0 -1.0 -1.0 -1.0 nan -1.0 -1.0 -1.0 -1.0 -1.0 -1.0 
-1.0 nan -1.0 -1.0 -1.0 -1.0 -1.0 -1.0 nan -1.0 -1.0 -1.0 -1.0 -1.0 
-1.0 -1.0 nan -1.0 -1.0 -1.0 -1.0 -1.0 -1.0 nan -1.0 -1.0 -1.0 -1.0 
-1.0 -1.0 -1.0 nan -1.0 -1.0 -1.0 -1.0 -1.0 -1.0 -1.0 -1.0 -1.0 -1.0 
-1.0 -1.0 -1.0 -1.0 nan -1.0 -1.0 -1.0 -1.0 -1.0 -1.0 -1.0 -1.0 -1.0 
-1.0 -1.0 -1.0 -1.0 -1.0 nan -1.0 -1.0 -1.0 -1.0 -1.0 -1.0 -1.0 -1.0 
-1.0 -1.0 -1.0 -1.0 -1.0 -1.0 nan -1.0 -1.0 -1.0 -1.0 -1.0 -1.0 -1.0 
-1.0 -1.0 -1.0 -1.0 -1.0 -1.0 -1.0 nan -1.0 -1.0 -1.0 -1.0 -1.0 -1.0 
-1.0 -1.0 -1.0 -1.0 -1.0 -1.0 -1.0 -100.0 nan -1.0 -1.0 -1.0 -1.0 -100.0 
Round22
-1.0 -1.0 -1.0 nan -1.0 -1.0 -1.0 -1.0 -1.0 -1.0 -1.0 -1.0 -1.0 100.0 
-1.0 -1.0 -1.0 nan -1.0 -1.0 -1.0 -1.0 -1.0 -1.0 -1.0 -1.0 -1.0 -1.0 
-1.0 -1.0 -1.0 nan -1.0 -1.0 -1.0 nan -1.0 -1.0 -1.0 -1.0 -1.0 -1.0 
-1.0 nan -1.0 nan -1.0 -1.0 -1.0 -1.0 nan -1.0 -1.0 -1.0 -1.0 -1.0 
-1.0 nan -1.0 nan -1.0 -1.0 -1.0 -1.0 -1.0 nan -1.0 -1.0 -1.0 -1.0 
-1.0 nan -1.0 nan -1.0 -1.0 -1.0 -1.0 -1.0 -1.0 nan -1.0 -1.0 -1.0 
-1.0 nan -1.0 -1.0 nan -1.0 -1.0 -1.0 -1.0 -1.0 -1.0 nan -1.0 -1.0 
-1.0 nan -1.0 -1.0 -1.0 nan -1.0 -1.0 -1.0 -1.0 -1.0 -1.0 nan -1.0 
-1.0 nan -1.0 -1.0 -1.0 -1.0 nan -1.0 -1.0 -1.0 -1.0 -1.0 -1.0 nan 
-1.0 nan -1.0 -1.0 -1.0 -1.0 -1.0 nan -1.0 -1.0 -1.0 -1.0 -1.0 -1.0 
-1.0 nan -1.0 -1.0 -1.0 -1.0 -1.0 -1.0 nan -1.0 -1.0 -1.0 -1.0 -1.0 
-1.0 -1.0 nan -1.0 -1.0 -1.0 -1.0 -1.0 -1.0 nan -1.0 -1.0 -1.0 -1.0 
-1.0 -1.0 -1.0 nan -1.0 -1.0 -1.0 -1.0 -1.0 -1.0 -1.0 -1.0 -1.0 -1.0 
-1.0 -1.0 -1.0 -1.0 nan -1.0 -1.0 -1.0 -1.0 -1.0 -1.0 -1.0 -1.0 -1.0 
-1.0 -1.0 -1.0 -1.0 -1.0 nan -1.0 -1.0 -1.0 -1.0 -1.0 -1.0 -1.0 -1.0 
-1.0 -1.0 -1.0 -1.0 -1.0 -1.0 nan -1.0 -1.0 -1.0 -1.0 -1.0 -1.0 -1.0 
-1.0 -1.0 -1.0 -1.0 -1.0 -1.0 -1.0 nan -1.0 -1.0 -1.0 -1.0 -1.0 -1.0 
-1.0 -1.0 -1.0 -1.0 -1.0 -1.0 -1.0 -100.0 nan -1.0 -1.0 -1.0 -1.0 -100.0 
Round23
-1.0 -1.0 -1.0 nan -1.0 -1.0 -1.0 -1.0 -1.0 -1.0 -1.0 -1.0 -1.0 100.0 
-1.0 -1.0 -1.0 nan -1.0 -1.0 -1.0 -1.0 -1.0 -1.0 -1.0 -1.0 -1.0 -1.0 
-1.0 -1.0 -1.0 nan -1.0 -1.0 -1.0 nan -1.0 -1.0 -1.0 -1.0 -1.0 -1.0 
-1.0 nan -1.0 nan -1.0 -1.0 -1.0 -1.0 nan -1.0 -1.0 -1.0 -1.0 -1.0 
-1.0 nan -1.0 nan -1.0 -1.0 -1.0 -1.0 -1.0 nan -1.0 -1.0 -1.0 -1.0 
-1.0 nan -1.0 nan -1.0 -1.0 -1.0 -1.0 -1.0 -1.0 nan -1.0 -1.0 -1.0 
-1.0 nan -1.0 -1.0 nan -1.0 -1.0 -1.0 -1.0 -1.0 -1.0 nan -1.0 -1.0 
-1.0 nan -1.0 -1.0 -1.0 nan -1.0 -1.0 -1.0 -1.0 -1.0 -1.0 nan -1.0 
-1.0 nan -1.0 -1.0 -1.0 -1.0 nan -1.0 -1.0 -1.0 -1.0 -1.0 -1.0 nan 
-1.0 nan -1.0 -1.0 -1.0 -1.0 -1.0 nan -1.0 -1.0 -1.0 -1.0 -1.0 -1.0 
-1.0 nan -1.0 -1.0 -1.0 -1.0 -1.0 -1.0 nan -1.0 -1.0 -1.0 -1.0 -1.0 
-1.0 -1.0 nan -1.0 -1.0 -1.0 -1.0 -1.0 -1.0 nan -1.0 -1.0 -1.0 -1.0 
-1.0 -1.0 -1.0 nan -1.0 -1.0 -1.0 -1.0 -1.0 -1.0 -1.0 -1.0 -1.0 -1.0 
-1.0 -1.0 -1.0 -1.0 nan -1.0 -1.0 -1.0 -1.0 -1.0 -1.0 -1.0 -1.0 -1.0 
-1.0 -1.0 -1.0 -1.0 -1.0 nan -1.0 -1.0 -1.0 -1.0 -1.0 -1.0 -1.0 -1.0 
-1.0 -1.0 -1.0 -1.0 -1.0 -1.0 nan -1.0 -1.0 -1.0 -1.0 -1.0 -1.0 -1.0 
-1.0 -1.0 -1.0 -1.0 -1.0 -1.0 -1.0 nan -1.0 -1.0 -1.0 -1.0 -1.0 -1.0 
-1.0 -1.0 -1.0 -1.0 -1.0 -1.0 -1.0 -100.0 nan -1.0 -1.0 -1.0 -1.0 -100.0 
Round24
-1.0 -1.0 -1.0 nan -1.0 -1.0 -1.0 -1.0 -1.0 -1.0 -1.0 -1.0 -1.0 100.0 
-1.0 -1.0 -1.0 nan -1.0 -1.0 -1.0 -1.0 -1.0 -1.0 -1.0 -1.0 -1.0 -1.0 
-1.0 -1.0 -1.0 nan -1.0 -1.0 -1.0 nan -1.0 -1.0 -1.0 -1.0 -1.0 -1.0 
-1.0 nan -1.0 nan -1.0 -1.0 -1.0 -1.0 nan -1.0 -1.0 -1.0 -1.0 -1.0 
-1.0 nan -1.0 nan -1.0 -1.0 -1.0 -1.0 -1.0 nan -1.0 -1.0 -1.0 -1.0 
-1.0 nan -1.0 nan -1.0 -1.0 -1.0 -1.0 -1.0 -1.0 nan -1.0 -1.0 -1.0 
-1.0 nan -1.0 -1.0 nan -1.0 -1.0 -1.0 -1.0 -1.0 -1.0 nan -1.0 -1.0 
-1.0 nan -1.0 -1.0 -1.0 nan -1.0 -1.0 -1.0 -1.0 -1.0 -1.0 nan -1.0 
-1.0 nan -1.0 -1.0 -1.0 -1.0 nan -1.0 -1.0 -1.0 -1.0 -1.0 -1.0 nan 
-1.0 nan -1.0 -1.0 -1.0 -1.0 -1.0 nan -1.0 -1.0 -1.0 -1.0 -1.0 -1.0 
-1.0 nan -1.0 -1.0 -1.0 -1.0 -1.0 -1.0 nan -1.0 -1.0 -1.0 -1.0 -1.0 
-1.0 -1.0 nan -1.0 -1.0 -1.0 -1.0 -1.0 -1.0 nan -1.0 -1.0 -1.0 -1.0 
-1.0 -1.0 -1.0 nan -1.0 -1.0 -1.0 -1.0 -1.0 -1.0 -1.0 -1.0 -1.0 -1.0 
-1.0 -1.0 -1.0 -1.0 nan -1.0 -1.0 -1.0 -1.0 -1.0 -1.0 -1.0 -1.0 -1.0 
-1.0 -1.0 -1.0 -1.0 -1.0 nan -1.0 -1.0 -1.0 -1.0 -1.0 -1.0 -1.0 -1.0 
-1.0 -1.0 -1.0 -1.0 -1.0 -1.0 nan -1.0 -1.0 -1.0 -1.0 -1.0 -1.0 -1.0 
-1.0 -1.0 -1.0 -1.0 -1.0 -1.0 -1.0 nan -1.0 -1.0 -1.0 -1.0 -1.0 -1.0 
-1.0 -1.0 -1.0 -1.0 -1.0 -1.0 -1.0 -100.0 nan -1.0 -1.0 -1.0 -1.0 -100.0 
Round25
-1.0 -1.0 -1.0 nan -1.0 -1.0 -1.0 -1.0 -1.0 -1.0 -1.0 -1.0 -1.0 100.0 
-1.0 -1.0 -1.0 nan -1.0 -1.0 -1.0 -1.0 -1.0 -1.0 -1.0 -1.0 -1.0 -1.0 
-1.0 -1.0 -1.0 nan -1.0 -1.0 -1.0 nan -1.0 -1.0 -1.0 -1.0 -1.0 -1.0 
-1.0 nan -1.0 nan -1.0 -1.0 -1.0 -1.0 nan -1.0 -1.0 -1.0 -1.0 -1.0 
-1.0 nan -1.0 nan -1.0 -1.0 -1.0 -1.0 -1.0 nan -1.0 -1.0 -1.0 -1.0 
-1.0 nan -1.0 nan -1.0 -1.0 -1.0 -1.0 -1.0 -1.0 nan -1.0 -1.0 -1.0 
-1.0 nan -1.0 -1.0 nan -1.0 -1.0 -1.0 -1.0 -1.0 -1.0 nan -1.0 -1.0 
-1.0 nan -1.0 -1.0 -1.0 nan -1.0 -1.0 -1.0 -1.0 -1.0 -1.0 nan -1.0 
-1.0 nan -1.0 -1.0 -1.0 -1.0 nan -1.0 -1.0 -1.0 -1.0 -1.0 -1.0 nan 
-1.0 nan -1.0 -1.0 -1.0 -1.0 -1.0 nan -1.0 -1.0 -1.0 -1.0 -1.0 -1.0 
-1.0 nan -1.0 -1.0 -1.0 -1.0 -1.0 -1.0 nan -1.0 -1.0 -1.0 -1.0 -1.0 
-1.0 -1.0 nan -1.0 -1.0 -1.0 -1.0 -1.0 -1.0 nan -1.0 -1.0 -1.0 -1.0 
-1.0 -1.0 -1.0 nan -1.0 -1.0 -1.0 -1.0 -1.0 -1.0 -1.0 -1.0 -1.0 -1.0 
-1.0 -1.0 -1.0 -1.0 nan -1.0 -1.0 -1.0 -1.0 -1.0 -1.0 -1.0 -1.0 -1.0 
-1.0 -1.0 -1.0 -1.0 -1.0 nan -1.0 -1.0 -1.0 -1.0 -1.0 -1.0 -1.0 -1.0 
-1.0 -1.0 -1.0 -1.0 -1.0 -1.0 nan -1.0 -1.0 -1.0 -1.0 -1.0 -1.0 -1.0 
-1.0 -1.0 -1.0 -1.0 -1.0 -1.0 -1.0 nan -1.0 -1.0 -1.0 -1.0 -1.0 -1.0 
-1.0 -1.0 -1.0 -1.0 -1.0 -1.0 -1.0 -100.0 nan -1.0 -1.0 -1.0 -1.0 -100.0 
Round26
-1.0 -1.0 -1.0 nan -1.0 -1.0 -1.0 -1.0 -1.0 -1.0 -1.0 -1.0 -1.0 100.0 
-1.0 -1.0 -1.0 nan -1.0 -1.0 -1.0 -1.0 -1.0 -1.0 -1.0 -1.0 -1.0 -1.0 
-1.0 -1.0 -1.0 nan -1.0 -1.0 -1.0 nan -1.0 -1.0 -1.0 -1.0 -1.0 -1.0 
-1.0 nan -1.0 nan -1.0 -1.0 -1.0 -1.0 nan -1.0 -1.0 -1.0 -1.0 -1.0 
-1.0 nan -1.0 nan -1.0 -1.0 -1.0 -1.0 -1.0 nan -1.0 -1.0 -1.0 -1.0 
-1.0 nan -1.0 nan -1.0 -1.0 -1.0 -1.0 -1.0 -1.0 nan -1.0 -1.0 -1.0 
-1.0 nan -1.0 -1.0 nan -1.0 -1.0 -1.0 -1.0 -1.0 -1.0 nan -1.0 -1.0 
-1.0 nan -1.0 -1.0 -1.0 nan -1.0 -1.0 -1.0 -1.0 -1.0 -1.0 nan -1.0 
-1.0 nan -1.0 -1.0 -1.0 -1.0 nan -1.0 -1.0 -1.0 -1.0 -1.0 -1.0 nan 
-1.0 nan -1.0 -1.0 -1.0 -1.0 -1.0 nan -1.0 -1.0 -1.0 -1.0 -1.0 -1.0 
-1.0 nan -1.0 -1.0 -1.0 -1.0 -1.0 -1.0 nan -1.0 -1.0 -1.0 -1.0 -1.0 
-1.0 -1.0 nan -1.0 -1.0 -1.0 -1.0 -1.0 -1.0 nan -1.0 -1.0 -1.0 -1.0 
-1.0 -1.0 -1.0 nan -1.0 -1.0 -1.0 -1.0 -1.0 -1.0 -1.0 -1.0 -1.0 -1.0 
-1.0 -1.0 -1.0 -1.0 nan -1.0 -1.0 -1.0 -1.0 -1.0 -1.0 -1.0 -1.0 -1.0 
-1.0 -1.0 -1.0 -1.0 -1.0 nan -1.0 -1.0 -1.0 -1.0 -1.0 -1.0 -1.0 -1.0 
-1.0 -1.0 -1.0 -1.0 -1.0 -1.0 nan -1.0 -1.0 -1.0 -1.0 -1.0 -1.0 -1.0 
-1.0 -1.0 -1.0 -1.0 -1.0 -1.0 -1.0 nan -1.0 -1.0 -1.0 -1.0 -1.0 -1.0 
-1.0 -1.0 -1.0 -1.0 -1.0 -1.0 -1.0 -100.0 nan -1.0 -1.0 -1.0 -1.0 -100.0 
Round27
-1.0 -1.0 -1.0 nan -1.0 -1.0 -1.0 -1.0 -1.0 -1.0 -1.0 -1.0 -1.0 100.0 
-1.0 -1.0 -1.0 nan -1.0 -1.0 -1.0 -1.0 -1.0 -1.0 -1.0 -1.0 -1.0 -1.0 
-1.0 -1.0 -1.0 nan -1.0 -1.0 -1.0 nan -1.0 -1.0 -1.0 -1.0 -1.0 -1.0 
-1.0 nan -1.0 nan -1.0 -1.0 -1.0 -1.0 nan -1.0 -1.0 -1.0 -1.0 -1.0 
-1.0 nan -1.0 nan -1.0 -1.0 -1.0 -1.0 -1.0 nan -1.0 -1.0 -1.0 -1.0 
-1.0 nan -1.0 nan -1.0 -1.0 -1.0 -1.0 -1.0 -1.0 nan -1.0 -1.0 -1.0 
-1.0 nan -1.0 -1.0 nan -1.0 -1.0 -1.0 -1.0 -1.0 -1.0 nan -1.0 -1.0 
-1.0 nan -1.0 -1.0 -1.0 nan -1.0 -1.0 -1.0 -1.0 -1.0 -1.0 nan -1.0 
-1.0 nan -1.0 -1.0 -1.0 -1.0 nan -1.0 -1.0 -1.0 -1.0 -1.0 -1.0 nan 
-1.0 nan -1.0 -1.0 -1.0 -1.0 -1.0 nan -1.0 -1.0 -1.0 -1.0 -1.0 -1.0 
-1.0 nan -1.0 -1.0 -1.0 -1.0 -1.0 -1.0 nan -1.0 -1.0 -1.0 -1.0 -1.0 
-1.0 -1.0 nan -1.0 -1.0 -1.0 -1.0 -1.0 -1.0 nan -1.0 -1.0 -1.0 -1.0 
-1.0 -1.0 -1.0 nan -1.0 -1.0 -1.0 -1.0 -1.0 -1.0 -1.0 -1.0 -1.0 -1.0 
-1.0 -1.0 -1.0 -1.0 nan -1.0 -1.0 -1.0 -1.0 -1.0 -1.0 -1.0 -1.0 -1.0 
-1.0 -1.0 -1.0 -1.0 -1.0 nan -1.0 -1.0 -1.0 -1.0 -1.0 -1.0 -1.0 -1.0 
-1.0 -1.0 -1.0 -1.0 -1.0 -1.0 nan -1.0 -1.0 -1.0 -1.0 -1.0 -1.0 -1.0 
-1.0 -1.0 -1.0 -1.0 -1.0 -1.0 -1.0 nan -1.0 -1.0 -1.0 -1.0 -1.0 -1.0 
-1.0 -1.0 -1.0 -1.0 -1.0 -1.0 -1.0 -100.0 nan -1.0 -1.0 -1.0 -1.0 -100.0 
Round28
-1.0 -1.0 -1.0 nan -1.0 -1.0 -1.0 -1.0 -1.0 -1.0 -1.0 -1.0 -1.0 100.0 
-1.0 -1.0 -1.0 nan -1.0 -1.0 -1.0 -1.0 -1.0 -1.0 -1.0 -1.0 -1.0 -1.0 
-1.0 -1.0 -1.0 nan -1.0 -1.0 -1.0 nan -1.0 -1.0 -1.0 -1.0 -1.0 -1.0 
-1.0 nan -1.0 nan -1.0 -1.0 -1.0 -1.0 nan -1.0 -1.0 -1.0 -1.0 -1.0 
-1.0 nan -1.0 nan -1.0 -1.0 -1.0 -1.0 -1.0 nan -1.0 -1.0 -1.0 -1.0 
-1.0 nan -1.0 nan -1.0 -1.0 -1.0 -1.0 -1.0 -1.0 nan -1.0 -1.0 -1.0 
-1.0 nan -1.0 -1.0 nan -1.0 -1.0 -1.0 -1.0 -1.0 -1.0 nan -1.0 -1.0 
-1.0 nan -1.0 -1.0 -1.0 nan -1.0 -1.0 -1.0 -1.0 -1.0 -1.0 nan -1.0 
-1.0 nan -1.0 -1.0 -1.0 -1.0 nan -1.0 -1.0 -1.0 -1.0 -1.0 -1.0 nan 
-1.0 nan -1.0 -1.0 -1.0 -1.0 -1.0 nan -1.0 -1.0 -1.0 -1.0 -1.0 -1.0 
-1.0 nan -1.0 -1.0 -1.0 -1.0 -1.0 -1.0 nan -1.0 -1.0 -1.0 -1.0 -1.0 
-1.0 -1.0 nan -1.0 -1.0 -1.0 -1.0 -1.0 -1.0 nan -1.0 -1.0 -1.0 -1.0 
-1.0 -1.0 -1.0 nan -1.0 -1.0 -1.0 -1.0 -1.0 -1.0 -1.0 -1.0 -1.0 -1.0 
-1.0 -1.0 -1.0 -1.0 nan -1.0 -1.0 -1.0 -1.0 -1.0 -1.0 -1.0 -1.0 -1.0 
-1.0 -1.0 -1.0 -1.0 -1.0 nan -1.0 -1.0 -1.0 -1.0 -1.0 -1.0 -1.0 -1.0 
-1.0 -1.0 -1.0 -1.0 -1.0 -1.0 nan -1.0 -1.0 -1.0 -1.0 -1.0 -1.0 -1.0 
-1.0 -1.0 -1.0 -1.0 -1.0 -1.0 -1.0 nan -1.0 -1.0 -1.0 -1.0 -1.0 -1.0 
-1.0 -1.0 -1.0 -1.0 -1.0 -1.0 -1.0 -100.0 nan -1.0 -1.0 -1.0 -1.0 -100.0 
Round29
-1.0 -1.0 -1.0 nan -1.0 -1.0 -1.0 -1.0 -1.0 -1.0 -1.0 -1.0 -1.0 100.0 
-1.0 -1.0 -1.0 nan -1.0 -1.0 -1.0 -1.0 -1.0 -1.0 -1.0 -1.0 -1.0 -1.0 
-1.0 -1.0 -1.0 nan -1.0 -1.0 -1.0 nan -1.0 -1.0 -1.0 -1.0 -1.0 -1.0 
-1.0 nan -1.0 nan -1.0 -1.0 -1.0 -1.0 nan -1.0 -1.0 -1.0 -1.0 -1.0 
-1.0 nan -1.0 nan -1.0 -1.0 -1.0 -1.0 -1.0 nan -1.0 -1.0 -1.0 -1.0 
-1.0 nan -1.0 nan -1.0 -1.0 -1.0 -1.0 -1.0 -1.0 nan -1.0 -1.0 -1.0 
-1.0 nan -1.0 -1.0 nan -1.0 -1.0 -1.0 -1.0 -1.0 -1.0 nan -1.0 -1.0 
-1.0 nan -1.0 -1.0 -1.0 nan -1.0 -1.0 -1.0 -1.0 -1.0 -1.0 nan -1.0 
-1.0 nan -1.0 -1.0 -1.0 -1.0 nan -1.0 -1.0 -1.0 -1.0 -1.0 -1.0 nan 
-1.0 nan -1.0 -1.0 -1.0 -1.0 -1.0 nan -1.0 -1.0 -1.0 -1.0 -1.0 -1.0 
-1.0 nan -1.0 -1.0 -1.0 -1.0 -1.0 -1.0 nan -1.0 -1.0 -1.0 -1.0 -1.0 
-1.0 -1.0 nan -1.0 -1.0 -1.0 -1.0 -1.0 -1.0 nan -1.0 -1.0 -1.0 -1.0 
-1.0 -1.0 -1.0 nan -1.0 -1.0 -1.0 -1.0 -1.0 -1.0 -1.0 -1.0 -1.0 -1.0 
-1.0 -1.0 -1.0 -1.0 nan -1.0 -1.0 -1.0 -1.0 -1.0 -1.0 -1.0 -1.0 -1.0 
-1.0 -1.0 -1.0 -1.0 -1.0 nan -1.0 -1.0 -1.0 -1.0 -1.0 -1.0 -1.0 -1.0 
-1.0 -1.0 -1.0 -1.0 -1.0 -1.0 nan -1.0 -1.0 -1.0 -1.0 -1.0 -1.0 -1.0 
-1.0 -1.0 -1.0 -1.0 -1.0 -1.0 -1.0 nan -1.0 -1.0 -1.0 -1.0 -1.0 -1.0 
-1.0 -1.0 -1.0 -1.0 -1.0 -1.0 -1.0 -100.0 nan -1.0 -1.0 -1.0 -1.0 -100.0 
Round30
-1.0 -1.0 -1.0 nan -1.0 -1.0 -1.0 -1.0 -1.0 -1.0 -1.0 -1.0 -1.0 100.0 
-1.0 -1.0 -1.0 nan -1.0 -1.0 -1.0 -1.0 -1.0 -1.0 -1.0 -1.0 -1.0 -1.0 
-1.0 -1.0 -1.0 nan -1.0 -1.0 -1.0 nan -1.0 -1.0 -1.0 -1.0 -1.0 -1.0 
-1.0 nan -1.0 nan -1.0 -1.0 -1.0 -1.0 nan -1.0 -1.0 -1.0 -1.0 -1.0 
-1.0 nan -1.0 nan -1.0 -1.0 -1.0 -1.0 -1.0 nan -1.0 -1.0 -1.0 -1.0 
-1.0 nan -1.0 nan -1.0 -1.0 -1.0 -1.0 -1.0 -1.0 nan -1.0 -1.0 -1.0 
-1.0 nan -1.0 -1.0 nan -1.0 -1.0 -1.0 -1.0 -1.0 -1.0 nan -1.0 -1.0 
-1.0 nan -1.0 -1.0 -1.0 nan -1.0 -1.0 -1.0 -1.0 -1.0 -1.0 nan -1.0 
-1.0 nan -1.0 -1.0 -1.0 -1.0 nan -1.0 -1.0 -1.0 -1.0 -1.0 -1.0 nan 
-1.0 nan -1.0 -1.0 -1.0 -1.0 -1.0 nan -1.0 -1.0 -1.0 -1.0 -1.0 -1.0 
-1.0 nan -1.0 -1.0 -1.0 -1.0 -1.0 -1.0 nan -1.0 -1.0 -1.0 -1.0 -1.0 
-1.0 -1.0 nan -1.0 -1.0 -1.0 -1.0 -1.0 -1.0 nan -1.0 -1.0 -1.0 -1.0 
-1.0 -1.0 -1.0 nan -1.0 -1.0 -1.0 -1.0 -1.0 -1.0 -1.0 -1.0 -1.0 -1.0 
-1.0 -1.0 -1.0 -1.0 nan -1.0 -1.0 -1.0 -1.0 -1.0 -1.0 -1.0 -1.0 -1.0 
-1.0 -1.0 -1.0 -1.0 -1.0 nan -1.0 -1.0 -1.0 -1.0 -1.0 -1.0 -1.0 -1.0 
-1.0 -1.0 -1.0 -1.0 -1.0 -1.0 nan -1.0 -1.0 -1.0 -1.0 -1.0 -1.0 -1.0 
-1.0 -1.0 -1.0 -1.0 -1.0 -1.0 -1.0 nan -1.0 -1.0 -1.0 -1.0 -1.0 -1.0 
-1.0 -1.0 -1.0 -1.0 -1.0 -1.0 -1.0 -100.0 nan -1.0 -1.0 -1.0 -1.0 -100.0 
Round31
-1.0 -1.0 -1.0 nan -1.0 -1.0 -1.0 -1.0 -1.0 -1.0 -1.0 -1.0 -1.0 100.0 
-1.0 -1.0 -1.0 nan -1.0 -1.0 -1.0 -1.0 -1.0 -1.0 -1.0 -1.0 -1.0 -1.0 
-1.0 -1.0 -1.0 nan -1.0 -1.0 -1.0 nan -1.0 -1.0 -1.0 -1.0 -1.0 -1.0 
-1.0 nan -1.0 nan -1.0 -1.0 -1.0 -1.0 nan -1.0 -1.0 -1.0 -1.0 -1.0 
-1.0 nan -1.0 nan -1.0 -1.0 -1.0 -1.0 -1.0 nan -1.0 -1.0 -1.0 -1.0 
-1.0 nan -1.0 nan -1.0 -1.0 -1.0 -1.0 -1.0 -1.0 nan -1.0 -1.0 -1.0 
-1.0 nan -1.0 -1.0 nan -1.0 -1.0 -1.0 -1.0 -1.0 -1.0 nan -1.0 -1.0 
-1.0 nan -1.0 -1.0 -1.0 nan -1.0 -1.0 -1.0 -1.0 -1.0 -1.0 nan -1.0 
-1.0 nan -1.0 -1.0 -1.0 -1.0 nan -1.0 -1.0 -1.0 -1.0 -1.0 -1.0 nan 
-1.0 nan -1.0 -1.0 -1.0 -1.0 -1.0 nan -1.0 -1.0 -1.0 -1.0 -1.0 -1.0 
-1.0 nan -1.0 -1.0 -1.0 -1.0 -1.0 -1.0 nan -1.0 -1.0 -1.0 -1.0 -1.0 
-1.0 -1.0 nan -1.0 -1.0 -1.0 -1.0 -1.0 -1.0 nan -1.0 -1.0 -1.0 -1.0 
-1.0 -1.0 -1.0 nan -1.0 -1.0 -1.0 -1.0 -1.0 -1.0 -1.0 -1.0 -1.0 -1.0 
-1.0 -1.0 -1.0 -1.0 nan -1.0 -1.0 -1.0 -1.0 -1.0 -1.0 -1.0 -1.0 -1.0 
-1.0 -1.0 -1.0 -1.0 -1.0 nan -1.0 -1.0 -1.0 -1.0 -1.0 -1.0 -1.0 -1.0 
-1.0 -1.0 -1.0 -1.0 -1.0 -1.0 nan -1.0 -1.0 -1.0 -1.0 -1.0 -1.0 -1.0 
-1.0 -1.0 -1.0 -1.0 -1.0 -1.0 -1.0 nan -1.0 -1.0 -1.0 -1.0 -1.0 -1.0 
-1.0 -1.0 -1.0 -1.0 -1.0 -1.0 -1.0 -100.0 nan -1.0 -1.0 -1.0 -1.0 -100.0 
Round32
-1.0 -1.0 -1.0 nan -1.0 -1.0 -1.0 -1.0 -1.0 -1.0 -1.0 -1.0 -1.0 100.0 
-1.0 -1.0 -1.0 nan -1.0 -1.0 -1.0 -1.0 -1.0 -1.0 -1.0 -1.0 -1.0 -1.0 
-1.0 -1.0 -1.0 nan -1.0 -1.0 -1.0 nan -1.0 -1.0 -1.0 -1.0 -1.0 -1.0 
-1.0 nan -1.0 nan -1.0 -1.0 -1.0 -1.0 nan -1.0 -1.0 -1.0 -1.0 -1.0 
-1.0 nan -1.0 nan -1.0 -1.0 -1.0 -1.0 -1.0 nan -1.0 -1.0 -1.0 -1.0 
-1.0 nan -1.0 nan -1.0 -1.0 -1.0 -1.0 -1.0 -1.0 nan -1.0 -1.0 -1.0 
-1.0 nan -1.0 -1.0 nan -1.0 -1.0 -1.0 -1.0 -1.0 -1.0 nan -1.0 -1.0 
-1.0 nan -1.0 -1.0 -1.0 nan -1.0 -1.0 -1.0 -1.0 -1.0 -1.0 nan -1.0 
-1.0 nan -1.0 -1.0 -1.0 -1.0 nan -1.0 -1.0 -1.0 -1.0 -1.0 -1.0 nan 
-1.0 nan -1.0 -1.0 -1.0 -1.0 -1.0 nan -1.0 -1.0 -1.0 -1.0 -1.0 -1.0 
-1.0 nan -1.0 -1.0 -1.0 -1.0 -1.0 -1.0 nan -1.0 -1.0 -1.0 -1.0 -1.0 
-1.0 -1.0 nan -1.0 -1.0 -1.0 -1.0 -1.0 -1.0 nan -1.0 -1.0 -1.0 -1.0 
-1.0 -1.0 -1.0 nan -1.0 -1.0 -1.0 -1.0 -1.0 -1.0 -1.0 -1.0 -1.0 -1.0 
-1.0 -1.0 -1.0 -1.0 nan -1.0 -1.0 -1.0 -1.0 -1.0 -1.0 -1.0 -1.0 -1.0 
-1.0 -1.0 -1.0 -1.0 -1.0 nan -1.0 -1.0 -1.0 -1.0 -1.0 -1.0 -1.0 -1.0 
-1.0 -1.0 -1.0 -1.0 -1.0 -1.0 nan -1.0 -1.0 -1.0 -1.0 -1.0 -1.0 -1.0 
-1.0 -1.0 -1.0 -1.0 -1.0 -1.0 -1.0 nan -1.0 -1.0 -1.0 -1.0 -1.0 -1.0 
-1.0 -1.0 -1.0 -1.0 -1.0 -1.0 -1.0 -100.0 nan -1.0 -1.0 -1.0 -1.0 -100.0 
Round33
-1.0 -1.0 -1.0 nan -1.0 -1.0 -1.0 -1.0 -1.0 -1.0 -1.0 -1.0 -1.0 100.0 
-1.0 -1.0 -1.0 nan -1.0 -1.0 -1.0 -1.0 -1.0 -1.0 -1.0 -1.0 -1.0 -1.0 
-1.0 -1.0 -1.0 nan -1.0 -1.0 -1.0 nan -1.0 -1.0 -1.0 -1.0 -1.0 -1.0 
-1.0 nan -1.0 nan -1.0 -1.0 -1.0 -1.0 nan -1.0 -1.0 -1.0 -1.0 -1.0 
-1.0 nan -1.0 nan -1.0 -1.0 -1.0 -1.0 -1.0 nan -1.0 -1.0 -1.0 -1.0 
-1.0 nan -1.0 nan -1.0 -1.0 -1.0 -1.0 -1.0 -1.0 nan -1.0 -1.0 -1.0 
-1.0 nan -1.0 -1.0 nan -1.0 -1.0 -1.0 -1.0 -1.0 -1.0 nan -1.0 -1.0 
-1.0 nan -1.0 -1.0 -1.0 nan -1.0 -1.0 -1.0 -1.0 -1.0 -1.0 nan -1.0 
-1.0 nan -1.0 -1.0 -1.0 -1.0 nan -1.0 -1.0 -1.0 -1.0 -1.0 -1.0 nan 
-1.0 nan -1.0 -1.0 -1.0 -1.0 -1.0 nan -1.0 -1.0 -1.0 -1.0 -1.0 -1.0 
-1.0 nan -1.0 -1.0 -1.0 -1.0 -1.0 -1.0 nan -1.0 -1.0 -1.0 -1.0 -1.0 
-1.0 -1.0 nan -1.0 -1.0 -1.0 -1.0 -1.0 -1.0 nan -1.0 -1.0 -1.0 -1.0 
-1.0 -1.0 -1.0 nan -1.0 -1.0 -1.0 -1.0 -1.0 -1.0 -1.0 -1.0 -1.0 -1.0 
-1.0 -1.0 -1.0 -1.0 nan -1.0 -1.0 -1.0 -1.0 -1.0 -1.0 -1.0 -1.0 -1.0 
-1.0 -1.0 -1.0 -1.0 -1.0 nan -1.0 -1.0 -1.0 -1.0 -1.0 -1.0 -1.0 -1.0 
-1.0 -1.0 -1.0 -1.0 -1.0 -1.0 nan -1.0 -1.0 -1.0 -1.0 -1.0 -1.0 -1.0 
-1.0 -1.0 -1.0 -1.0 -1.0 -1.0 -1.0 nan -1.0 -1.0 -1.0 -1.0 -1.0 -1.0 
-1.0 -1.0 -1.0 -1.0 -1.0 -1.0 -1.0 -100.0 nan -1.0 -1.0 -1.0 -1.0 -100.0 
Round34
-1.0 -1.0 -1.0 nan -1.0 -1.0 -1.0 -1.0 -1.0 -1.0 -1.0 -1.0 -1.0 100.0 
-1.0 -1.0 -1.0 nan -1.0 -1.0 -1.0 -1.0 -1.0 -1.0 -1.0 -1.0 -1.0 -1.0 
-1.0 -1.0 -1.0 nan -1.0 -1.0 -1.0 nan -1.0 -1.0 -1.0 -1.0 -1.0 -1.0 
-1.0 nan -1.0 nan -1.0 -1.0 -1.0 -1.0 nan -1.0 -1.0 -1.0 -1.0 -1.0 
-1.0 nan -1.0 nan -1.0 -1.0 -1.0 -1.0 -1.0 nan -1.0 -1.0 -1.0 -1.0 
-1.0 nan -1.0 nan -1.0 -1.0 -1.0 -1.0 -1.0 -1.0 nan -1.0 -1.0 -1.0 
-1.0 nan -1.0 -1.0 nan -1.0 -1.0 -1.0 -1.0 -1.0 -1.0 nan -1.0 -1.0 
-1.0 nan -1.0 -1.0 -1.0 nan -1.0 -1.0 -1.0 -1.0 -1.0 -1.0 nan -1.0 
-1.0 nan -1.0 -1.0 -1.0 -1.0 nan -1.0 -1.0 -1.0 -1.0 -1.0 -1.0 nan 
-1.0 nan -1.0 -1.0 -1.0 -1.0 -1.0 nan -1.0 -1.0 -1.0 -1.0 -1.0 -1.0 
-1.0 nan -1.0 -1.0 -1.0 -1.0 -1.0 -1.0 nan -1.0 -1.0 -1.0 -1.0 -1.0 
-1.0 -1.0 nan -1.0 -1.0 -1.0 -1.0 -1.0 -1.0 nan -1.0 -1.0 -1.0 -1.0 
-1.0 -1.0 -1.0 nan -1.0 -1.0 -1.0 -1.0 -1.0 -1.0 -1.0 -1.0 -1.0 -1.0 
-1.0 -1.0 -1.0 -1.0 nan -1.0 -1.0 -1.0 -1.0 -1.0 -1.0 -1.0 -1.0 -1.0 
-1.0 -1.0 -1.0 -1.0 -1.0 nan -1.0 -1.0 -1.0 -1.0 -1.0 -1.0 -1.0 -1.0 
-1.0 -1.0 -1.0 -1.0 -1.0 -1.0 nan -1.0 -1.0 -1.0 -1.0 -1.0 -1.0 -1.0 
-1.0 -1.0 -1.0 -1.0 -1.0 -1.0 -1.0 nan -1.0 -1.0 -1.0 -1.0 -1.0 -1.0 
-1.0 -1.0 -1.0 -1.0 -1.0 -1.0 -1.0 -100.0 nan -1.0 -1.0 -1.0 -1.0 -100.0 
