Round1
0.0 -1.289 0.423 nan -0.356 -0.672 1.102 0.318 -0.614 -1.453 -2.207 -2.887 90.0 0.0 
-0.265 0.423 -1.219 nan 0.077 -0.83 0.076 -0.614 0.838 0.473 -2.887 0.237 0.345 90.0 
-0.856 -1.671 -1.997 nan 0.043 -0.861 -0.831 nan 0.473 -0.475 -1.327 -0.785 -0.589 80.1 
-1.671 nan -0.116 nan 0.441 -0.503 -1.648 -2.383 nan -1.327 0.054 0.01 -0.891 -0.238 
-2.234 nan -0.442 nan -0.503 -1.353 -2.117 0.892 -1.074 nan 0.01 -0.891 0.149 -0.766 
-2.911 nan -1.298 nan -1.353 1.379 0.341 0.506 -1.867 -0.58 nan 0.149 -0.813 -1.632 
0.798 nan 0.783 0.484 nan 0.341 -0.593 -0.826 -1.644 -1.422 -0.478 nan -1.632 -0.51 
-0.434 nan 0.484 -0.464 -1.318 nan -1.434 -1.644 -0.461 -1.315 -2.084 -0.443 nan -1.359 
0.856 nan -0.464 -1.318 -2.086 -2.778 nan -1.54 -1.315 0.24 -0.443 -1.299 -2.069 nan 
-0.13 nan 0.415 -2.086 0.176 -0.457 -0.335 nan 0.24 -0.684 -1.516 -0.123 -0.361 -0.561 
-1.017 nan -0.955 -1.759 -0.476 -1.328 -0.102 0.022 nan -1.516 -0.123 -0.361 -1.225 -2.002 
-0.387 -1.248 nan -0.571 1.129 1.96 0.022 -0.88 -1.692 nan -1.01 -1.225 -2.002 -2.702 
-1.248 -2.023 -2.721 nan 1.96 0.864 -0.123 -1.692 0.281 -0.421 -0.559 -1.403 0.134 -0.144 
-1.294 -0.118 0.777 -0.713 nan -0.123 -1.01 0.281 -0.421 -1.279 -2.051 1.414 -0.144 -1.03 
-0.118 0.777 -0.2 -1.08 -1.872 nan -0.272 -0.018 0.878 -2.051 1.414 -0.833 -1.649 -1.827 
-1.006 -0.2 -1.08 -1.872 -2.585 -3.227 nan 0.878 0.411 -0.531 -1.377 -1.649 0.001 -0.033 
-1.806 -0.398 -1.872 -0.439 -1.295 -0.143 0.287 nan -0.531 -1.377 -2.14 0.137 -0.033 -0.93 
-0.398 -1.258 -2.032 -1.295 -0.143 0.287 1.325 0.293 nan -2.14 0.137 -0.777 -1.599 -1.737 
Round2
0.0 -0.52 -1.997 nan -0.83 0.092 -0.614 -1.453 -0.145 -0.475 -1.327 80.1 90.0 0.0 
-0.52 -1.368 -2.698 nan -0.861 -1.675 -1.453 -0.145 -0.475 -1.327 -2.094 -0.589 80.1 90.0 
-1.368 -2.131 -1.004 nan -0.503 -1.353 -2.207 nan -1.327 -2.094 -0.852 -1.43 71.19 80.1 
-2.131 nan -1.298 nan -1.353 -2.117 -2.806 -0.097 nan -0.852 -0.891 -1.702 -0.766 71.19 
-2.818 nan -2.068 nan -2.117 0.341 -0.097 -0.444 -1.3 nan -1.702 -0.766 -1.589 -2.33 
-0.182 nan -0.195 nan 0.341 -0.593 -1.434 -1.3 -2.07 -2.18 nan -1.632 -2.33 -1.359 
-1.291 nan -0.464 -1.318 nan -1.434 -2.19 -2.07 -1.315 -1.33 -2.097 nan -1.359 -2.123 
-0.13 nan -1.318 -2.086 -2.778 nan -2.871 -1.315 -2.084 -0.684 -1.299 -2.069 nan -2.811 
-1.017 nan -2.086 -2.778 -0.742 -1.312 nan -2.084 -0.684 -1.299 -2.069 -1.01 -1.225 nan 
-1.815 nan -2.778 -3.4 -1.312 -2.08 -0.991 nan -1.516 -2.069 -1.01 -1.225 -2.002 -2.702 
-2.534 nan -3.4 -1.328 0.116 0.864 -0.88 -1.692 nan -1.01 -1.225 -2.002 -2.702 -3.332 
-3.18 -3.762 nan 0.116 0.864 -0.123 -1.01 -2.423 -0.647 nan -2.002 -2.702 -0.779 -1.03 
-3.762 -1.006 -0.2 nan -0.123 -1.01 -1.809 -0.647 -1.279 -2.051 -2.746 0.373 -1.03 -1.827 
-1.006 -0.2 -1.08 -1.872 nan -1.809 -0.647 -0.916 -0.11 -2.746 0.373 -1.03 -1.827 -2.544 
-0.2 -1.08 -1.872 -2.585 -3.227 nan -0.916 -0.11 -0.531 0.373 -1.649 -1.827 -0.899 -0.93 
-1.08 -1.872 -2.585 -1.295 -2.065 -1.029 nan -0.531 -1.377 -2.14 -2.384 -0.777 -0.93 -1.737 
-1.258 -2.585 -3.227 -2.065 -1.029 -0.642 0.293 nan -2.14 -2.826 -0.777 -0.93 -1.737 -2.463 
-2.032 -3.227 -3.804 -1.029 -0.642 0.293 -0.637 -1.473 nan -0.777 -1.599 -1.737 -2.463 -3.117 
Round3
0.0 -2.131 -2.818 nan -0.817 -1.453 -2.207 -1.031 -1.327 -2.094 71.19 80.1 90.0 0.0 
-2.131 -2.818 -1.804 nan -1.353 -2.207 -1.031 -1.327 -2.094 -2.785 -1.43 71.19 80.1 90.0 
-2.818 -1.804 -2.068 nan -2.117 -2.806 -3.425 nan -2.785 -1.667 -1.702 63.171 71.19 80.1 
-3.436 nan -2.761 nan -2.806 -0.593 -0.988 -1.3 nan -1.702 -2.431 -1.589 63.171 71.19 
-1.064 nan -1.076 nan -0.593 -0.988 -1.789 -2.07 -2.763 nan -1.589 -2.33 55.954 63.171 
-2.062 nan -1.318 nan -1.434 -1.789 -2.51 -2.763 -3.387 -2.097 nan -2.997 -2.123 -2.811 
-1.017 nan -2.086 -2.778 nan -2.51 -3.159 -3.387 -2.097 -1.516 -2.069 nan -2.811 -3.43 
-1.815 nan -2.778 -3.4 -1.568 nan -2.084 -3.948 -1.516 -2.069 -2.762 -1.809 nan -3.987 
-2.534 nan -3.4 -1.568 -2.08 -2.772 nan -1.516 -2.069 -2.762 -1.809 -2.002 -2.702 nan 
-3.18 nan -3.96 -2.08 -0.795 -0.123 -1.692 nan -2.762 -1.809 -2.002 -2.702 -3.332 -3.899 
-3.762 nan -2.095 -0.795 -0.123 -1.01 -1.809 -2.528 nan -2.002 -2.702 -3.332 -1.601 -1.827 
-4.286 -1.806 nan -0.123 -1.01 -1.809 -2.528 -1.482 -2.051 nan -3.332 -0.564 -1.827 -2.544 
-1.806 -1.08 -1.872 nan -1.809 -2.528 -1.482 -1.724 -0.999 -1.799 -0.564 -1.827 -2.544 -3.19 
-1.08 -1.872 -2.585 -3.227 nan -1.482 -1.724 -0.999 -1.377 -0.564 -1.827 -2.544 -1.709 -1.737 
-1.872 -2.585 -3.227 -2.065 -2.759 nan -0.999 -1.377 -0.564 -1.408 -2.544 -1.599 -1.737 -2.463 
-2.585 -3.227 -2.065 -2.759 -1.826 -1.478 nan -2.14 -1.408 -2.167 -1.599 -1.737 -2.463 -3.117 
-3.227 -3.804 -2.759 -1.826 -1.478 -0.637 -1.473 nan -2.167 -1.599 -1.737 -2.463 -3.117 -3.705 
-3.804 -4.323 -1.826 -1.478 -0.637 -1.473 -2.226 -2.903 nan -2.339 -2.463 -3.117 -3.705 -4.235 
Round4
0.0 -3.436 -2.523 nan -2.117 -2.806 -1.828 -2.094 -2.785 63.171 71.19 80.1 90.0 0.0 
-3.436 -2.523 -2.761 nan -2.806 -1.828 -2.094 -2.785 -3.406 -2.187 63.171 71.19 80.1 90.0 
-2.523 -2.761 -3.385 nan -3.425 -1.434 -1.789 nan -2.4 -2.431 55.954 63.171 71.19 80.1 
-1.857 nan -1.868 nan -1.434 -1.789 -2.51 -3.159 nan -3.088 -2.33 55.954 63.171 71.19 
-2.755 nan -2.086 nan -1.789 -2.51 -3.159 -3.743 -4.269 nan -2.997 49.459 55.954 63.171 
-1.815 nan -2.778 nan -2.51 -3.159 -3.743 -4.269 -2.787 -2.264 nan -2.811 49.459 55.954 
-2.534 nan -3.4 -3.96 nan -3.743 -2.775 -2.787 -2.264 -2.762 -3.386 nan 43.613 49.459 
-3.18 nan -3.96 -2.311 -2.772 nan -3.398 -2.264 -2.762 -3.386 -2.528 -2.702 nan 43.613 
-3.762 nan -2.311 -2.772 -1.616 -1.01 nan -2.762 -3.386 -2.528 -2.702 -3.332 -3.899 nan 
-4.286 nan -2.772 -1.616 -1.01 -1.809 -2.528 nan -2.528 -2.702 -3.332 -3.899 -2.341 -2.544 
-4.757 nan -1.616 -1.01 -1.809 -2.528 -3.176 -2.234 nan -3.332 -3.899 -1.408 -2.544 -3.19 
-2.525 -1.872 nan -1.809 -2.528 -3.176 -2.234 -2.452 -1.799 nan -1.408 -2.544 -3.19 -3.771 
-1.872 -2.585 -3.227 nan -3.176 -2.234 -2.452 -1.799 -2.14 -1.408 -2.167 -3.19 -2.438 -2.463 
-2.585 -3.227 -3.804 -2.759 nan -2.452 -1.799 -2.14 -1.408 -2.167 -2.85 -2.339 -2.463 -3.117 
-3.227 -3.804 -2.759 -3.383 -2.543 nan -2.14 -1.408 -2.167 -2.85 -3.465 -2.463 -3.117 -3.705 
-3.804 -2.759 -3.383 -2.543 -2.23 -1.473 nan -2.167 -2.85 -3.465 -2.463 -3.117 -3.705 -4.235 
-4.323 -3.383 -2.543 -2.23 -1.473 -2.226 -2.903 nan -3.465 -2.463 -3.117 -3.705 -4.235 -4.711 
-4.791 -2.543 -2.23 -1.473 -2.226 -2.903 -3.513 -4.062 nan -3.117 -3.705 -4.235 -4.711 -5.14 
Round5
0.0 -3.171 -3.385 nan -3.425 -2.545 -2.785 -3.406 55.954 63.171 71.19 80.1 90.0 0.0 
-3.171 -3.385 -3.947 nan -2.545 -2.19 -2.51 -3.966 -2.869 55.954 63.171 71.19 80.1 90.0 
-2.572 -3.947 -2.581 nan -2.19 -2.51 -3.159 nan -3.088 49.459 55.954 63.171 71.19 80.1 
-3.215 nan -2.778 nan -2.51 -3.159 -3.743 -4.269 nan -2.997 49.459 55.954 63.171 71.19 
-2.534 nan -3.4 nan -3.159 -3.743 -4.269 -4.742 -3.409 nan 43.613 49.459 55.954 63.171 
-3.18 nan -3.96 nan -3.743 -4.269 -3.398 -3.409 -2.938 -3.386 nan 43.613 49.459 55.954 
-3.762 nan -4.464 -2.98 nan -3.398 -3.409 -2.938 -3.386 -3.947 -3.176 nan 43.613 49.459 
-4.286 nan -2.98 -3.395 -2.354 nan -2.938 -3.386 -3.947 -3.176 -3.332 -3.899 nan 43.613 
-4.757 nan -3.395 -2.354 -1.809 -2.528 nan -3.947 -3.176 -3.332 -3.899 -4.409 -3.007 nan 
-5.182 nan -2.354 -1.809 -2.528 -3.176 -3.758 nan -3.332 -3.899 -4.409 -2.167 -3.19 -3.771 
-3.173 nan -1.809 -2.528 -3.176 -3.758 -2.91 -3.107 nan -4.409 -2.167 -3.19 -3.771 -4.294 
-2.585 -3.227 nan -3.176 -3.758 -2.91 -3.107 -2.519 -2.826 nan -2.85 -3.771 -3.094 -3.117 
-3.227 -3.804 -4.323 nan -2.91 -3.107 -2.519 -2.826 -2.167 -2.85 -3.465 -4.019 -3.117 -3.705 
-3.804 -4.323 -3.383 -3.945 nan -2.519 -2.826 -2.167 -2.85 -3.465 -4.019 -3.117 -3.705 -4.235 
-4.323 -3.383 -3.945 -3.189 -2.907 nan -2.167 -2.85 -3.465 -4.019 -3.117 -3.705 -4.235 -4.711 
-3.383 -3.945 -3.189 -2.907 -2.226 -2.903 nan -3.465 -4.019 -3.117 -3.705 -4.235 -4.711 -5.14 
-3.945 -3.189 -2.907 -2.226 -2.903 -3.513 -4.062 nan -3.117 -3.705 -4.235 -4.711 -5.14 -5.526 
-3.189 -2.907 -2.226 -2.903 -3.513 -4.062 -4.555 -5.0 nan -4.235 -4.711 -5.14 -5.526 -5.873 
Round6
0.0 -3.947 -4.452 nan -3.191 -2.871 -3.159 49.459 55.954 63.171 71.19 80.1 90.0 0.0 
-3.215 -4.452 -3.223 nan -2.871 -3.159 -3.743 -4.269 49.459 55.954 63.171 71.19 80.1 90.0 
-3.793 -4.314 -3.4 nan -3.159 -3.743 -4.269 nan 43.613 49.459 55.954 63.171 71.19 80.1 
-3.18 nan -3.96 nan -3.743 -4.269 -4.742 -5.168 nan 43.613 49.459 55.954 63.171 71.19 
-3.762 nan -4.464 nan -4.269 -4.742 -3.958 -3.968 -3.544 nan 43.613 49.459 55.954 63.171 
-4.286 nan -4.917 nan -4.742 -3.958 -3.968 -3.544 -3.947 -4.452 nan 43.613 49.459 55.954 
-4.757 nan -3.582 -3.956 nan -3.968 -3.544 -3.947 -4.452 -3.758 -3.899 nan 43.613 49.459 
-5.182 nan -3.956 -3.019 -2.528 nan -3.947 -4.452 -3.758 -3.899 -4.409 -4.868 nan 43.613 
-5.563 nan -3.019 -2.528 -3.176 -3.758 nan -3.758 -3.899 -4.409 -4.868 -2.85 -3.771 nan 
-3.755 nan -2.528 -3.176 -3.758 -4.282 -3.519 nan -4.409 -4.868 -2.85 -3.771 -4.294 -4.764 
-3.227 nan -3.176 -3.758 -4.282 -3.519 -3.696 -3.167 nan -2.85 -3.465 -4.294 -3.685 -3.705 
-3.804 -4.323 nan -4.282 -3.519 -3.696 -3.167 -3.443 -2.85 nan -4.019 -4.517 -3.705 -4.235 
-4.323 -4.791 -3.945 nan -3.696 -3.167 -3.443 -2.85 -3.465 -4.019 -4.517 -3.705 -4.235 -4.711 
-4.791 -3.945 -4.45 -3.77 nan -3.443 -2.85 -3.465 -4.019 -4.517 -3.705 -4.235 -4.711 -5.14 
-3.945 -4.45 -3.77 -3.516 -2.903 nan -3.465 -4.019 -4.517 -3.705 -4.235 -4.711 -5.14 -5.526 
-4.45 -3.77 -3.516 -2.903 -3.513 -4.062 nan -4.517 -3.705 -4.235 -4.711 -5.14 -5.526 -5.873 
-3.77 -3.516 -2.903 -3.513 -4.062 -4.555 -5.0 nan -4.235 -4.711 -5.14 -5.526 -5.873 -6.186 
-3.516 -2.903 -3.513 -4.062 -4.555 -5.0 -5.4 -5.76 nan -5.14 -5.526 -5.873 -6.186 -6.468 
Round7
0.0 -4.907 -3.801 nan -3.484 -3.743 43.613 49.459 55.954 63.171 71.19 80.1 90.0 0.0 
-4.314 -4.782 -3.96 nan -3.743 -4.269 38.351 43.613 49.459 55.954 63.171 71.19 80.1 90.0 
-3.762 -3.96 -4.464 nan -4.269 -4.742 33.616 nan 43.613 49.459 55.954 63.171 71.19 80.1 
-4.286 nan -4.917 nan -4.742 -5.168 -4.462 -4.471 nan 43.613 49.459 55.954 63.171 71.19 
-4.757 nan -5.326 nan -5.168 -4.462 -4.471 -4.089 -4.452 nan 43.613 49.459 55.954 63.171 
-5.182 nan -4.124 nan -4.462 -4.471 -4.089 -4.452 -4.907 -4.282 nan 43.613 49.459 55.954 
-5.563 nan -4.46 -3.617 nan -4.089 -4.452 -4.907 -4.282 -4.409 -4.868 nan 43.613 49.459 
-5.907 nan -3.617 -3.176 -3.758 nan -4.907 -4.282 -4.409 -4.868 -5.281 -3.465 nan 43.613 
-4.28 nan -3.176 -3.758 -4.282 -4.754 nan -4.409 -4.868 -5.281 -3.465 -4.294 -4.764 nan 
-3.804 nan -3.758 -4.282 -4.754 -4.067 -4.226 nan -5.281 -3.465 -4.019 -4.764 -4.216 -4.235 
-4.323 nan -4.282 -4.754 -4.067 -4.226 -3.75 -3.999 nan -4.019 -4.517 -4.965 -4.235 -4.711 
-4.791 -5.212 nan -4.067 -4.226 -3.75 -3.999 -3.465 -4.019 nan -4.965 -4.235 -4.711 -5.14 
-5.212 -4.45 -4.905 nan -3.75 -3.999 -3.465 -4.019 -4.517 -4.965 -4.235 -4.711 -5.14 -5.526 
-4.45 -4.905 -4.293 -4.065 nan -3.465 -4.019 -4.517 -4.965 -4.235 -4.711 -5.14 -5.526 -5.873 
-4.905 -4.293 -4.065 -3.513 -4.062 nan -4.517 -4.965 -4.235 -4.711 -5.14 -5.526 -5.873 -6.186 
-4.293 -4.065 -3.513 -4.062 -4.555 -5.0 nan -4.235 -4.711 -5.14 -5.526 -5.873 -6.186 -6.468 
-4.065 -3.513 -4.062 -4.555 -5.0 -5.4 -5.76 nan -5.14 -5.526 -5.873 -6.186 -6.468 -6.721 
-3.513 -4.062 -4.555 -5.0 -5.4 -5.76 -6.084 -6.375 nan -5.873 -6.186 -6.468 -6.721 -6.949 
Round8
0.0 -4.321 -4.464 nan -4.269 38.351 43.613 49.459 55.954 63.171 71.19 80.1 90.0 0.0 
-4.286 -4.464 -4.917 nan -4.742 33.616 38.351 43.613 49.459 55.954 63.171 71.19 80.1 90.0 
-4.464 -4.917 -5.326 nan -5.168 29.355 33.616 nan 43.613 49.459 55.954 63.171 71.19 80.1 
-4.917 nan -5.693 nan -5.551 -4.916 29.355 -4.581 nan 43.613 49.459 55.954 63.171 71.19 
-5.326 nan -4.611 nan -4.916 -4.924 -4.581 -4.907 -5.316 nan 43.613 49.459 55.954 63.171 
-5.693 nan -4.914 nan -4.924 -4.581 -4.907 -5.316 -4.754 -4.868 nan 43.613 49.459 55.954 
-6.024 nan -4.155 -3.758 nan -4.907 -5.316 -4.754 -4.868 -5.281 -5.653 nan 43.613 49.459 
-4.752 nan -3.758 -4.282 -4.754 nan -4.754 -4.868 -5.281 -5.653 -4.019 -4.764 nan 43.613 
-4.323 nan -4.282 -4.754 -5.179 -4.561 nan -5.281 -5.653 -4.019 -4.517 -5.188 -4.695 nan 
-4.791 nan -4.754 -5.179 -4.561 -4.704 -4.275 nan -4.019 -4.517 -4.965 -5.369 -4.711 -5.14 
-5.212 nan -5.179 -4.561 -4.704 -4.275 -4.499 -4.019 nan -4.965 -5.369 -4.711 -5.14 -5.526 
-5.591 -4.905 nan -4.704 -4.275 -4.499 -4.019 -4.517 -4.965 nan -4.711 -5.14 -5.526 -5.873 
-4.905 -5.315 -4.764 nan -4.499 -4.019 -4.517 -4.965 -5.369 -4.711 -5.14 -5.526 -5.873 -6.186 
-5.315 -4.764 -4.558 -4.062 nan -4.517 -4.965 -5.369 -4.711 -5.14 -5.526 -5.873 -6.186 -6.468 
-4.764 -4.558 -4.062 -4.555 -5.0 nan -5.369 -4.711 -5.14 -5.526 -5.873 -6.186 -6.468 -6.721 
-4.558 -4.062 -4.555 -5.0 -5.4 -5.76 nan -5.14 -5.526 -5.873 -6.186 -6.468 -6.721 -6.949 
-4.062 -4.555 -5.0 -5.4 -5.76 -6.084 -6.375 nan -5.873 -6.186 -6.468 -6.721 -6.949 -7.154 
-4.555 -5.0 -5.4 -5.76 -6.084 -6.375 -6.638 -6.874 nan -6.468 -6.721 -6.949 -7.154 -7.338 
Round9
0.0 -4.917 -5.326 nan 33.616 38.351 43.613 49.459 55.954 63.171 71.19 80.1 90.0 0.0 
-4.917 -5.326 -5.693 nan 29.355 33.616 38.351 43.613 49.459 55.954 63.171 71.19 80.1 90.0 
-5.326 -5.693 -6.024 nan 25.519 29.355 33.616 nan 43.613 49.459 55.954 63.171 71.19 80.1 
-5.693 nan -5.05 nan -5.324 25.519 29.355 25.519 nan 43.613 49.459 55.954 63.171 71.19 
-6.024 nan -5.323 nan -5.332 -5.022 25.519 22.067 -5.179 nan 43.613 49.459 55.954 63.171 
-6.321 nan -4.64 nan -5.022 -5.316 22.067 -5.179 -5.281 -5.653 nan 43.613 49.459 55.954 
-5.177 nan -4.282 -4.754 nan -5.685 -5.179 -5.281 -5.653 -5.988 -4.517 nan 43.613 49.459 
-4.791 nan -4.754 -5.179 -5.561 nan -5.281 -5.653 -5.988 -4.517 -4.965 -5.369 nan 43.613 
-5.212 nan -5.179 -5.561 -5.005 -5.133 nan -5.988 -4.517 -4.965 -5.369 -5.732 -5.14 nan 
-5.591 nan -5.561 -5.005 -5.133 -4.748 -4.949 nan -4.965 -5.369 -5.732 -5.14 -5.526 -5.873 
-5.932 nan -5.005 -5.133 -4.748 -4.949 -4.517 -4.965 nan -5.732 -5.14 -5.526 -5.873 -6.186 
-5.315 -5.683 nan -4.748 -4.949 -4.517 -4.965 -5.369 -5.732 nan -5.526 -5.873 -6.186 -6.468 
-5.683 -5.187 -5.002 nan -4.517 -4.965 -5.369 -5.732 -5.14 -5.526 -5.873 -6.186 -6.468 -6.721 
-5.187 -5.002 -4.555 -5.0 nan -5.369 -5.732 -5.14 -5.526 -5.873 -6.186 -6.468 -6.721 -6.949 
-5.002 -4.555 -5.0 -5.4 -5.76 nan -5.14 -5.526 -5.873 -6.186 -6.468 -6.721 -6.949 -7.154 
-4.555 -5.0 -5.4 -5.76 -6.084 -6.375 nan -5.873 -6.186 -6.468 -6.721 -6.949 -7.154 -7.338 
-5.0 -5.4 -5.76 -6.084 -6.375 -6.638 -6.874 nan -6.468 -6.721 -6.949 -7.154 -7.338 -7.505 
-5.4 -5.76 -6.084 -6.375 -6.638 -6.874 -7.087 -7.278 nan -6.949 -7.154 -7.338 -7.505 -7.654 
Round10
0.0 -5.693 -6.024 nan 33.616 38.351 43.613 49.459 55.954 63.171 71.19 80.1 90.0 0.0 
-5.693 -6.024 -6.321 nan 29.355 33.616 38.351 43.613 49.459 55.954 63.171 71.19 80.1 90.0 
-6.024 -6.321 -5.445 nan 25.519 29.355 33.616 nan 43.613 49.459 55.954 63.171 71.19 80.1 
-6.321 nan -5.69 nan 22.067 25.519 29.355 25.519 nan 43.613 49.459 55.954 63.171 71.19 
-6.589 nan -5.076 nan -5.42 22.067 25.519 22.067 18.961 nan 43.613 49.459 55.954 63.171 
-5.559 nan -4.754 nan -5.685 18.961 22.067 18.961 16.164 13.648 nan 43.613 49.459 55.954 
-5.212 nan -5.179 -5.561 nan -5.561 18.961 16.164 13.648 -4.965 -5.369 nan 43.613 49.459 
-5.591 nan -5.561 -5.905 -5.404 nan 16.164 13.648 -4.965 -5.369 -5.732 -6.059 nan 43.613 
-5.932 nan -5.905 -5.404 -5.52 -5.173 nan -4.965 -5.369 -5.732 -6.059 -5.526 -5.873 nan 
-6.239 nan -5.404 -5.52 -5.173 -5.354 -4.965 nan -5.732 -6.059 -5.526 -5.873 -6.186 -6.468 
-5.683 nan -5.52 -5.173 -5.354 -4.965 -5.369 -5.732 nan -5.526 -5.873 -6.186 -6.468 -6.721 
-6.015 -5.569 nan -5.354 -4.965 -5.369 -5.732 -6.059 -5.526 nan -6.186 -6.468 -6.721 -6.949 
-5.569 -5.402 -5.0 nan -5.369 -5.732 -6.059 -5.526 -5.873 -6.186 -6.468 -6.721 -6.949 -7.154 
-5.402 -5.0 -5.4 -5.76 nan -6.059 -5.526 -5.873 -6.186 -6.468 -6.721 -6.949 -7.154 -7.338 
-5.0 -5.4 -5.76 -6.084 -6.375 nan -5.873 -6.186 -6.468 -6.721 -6.949 -7.154 -7.338 -7.505 
-5.4 -5.76 -6.084 -6.375 -6.638 -6.874 nan -6.468 -6.721 -6.949 -7.154 -7.338 -7.505 -7.654 
-5.76 -6.084 -6.375 -6.638 -6.874 -7.087 -7.278 nan -6.949 -7.154 -7.338 -7.505 -7.654 -7.789 
-6.084 -6.375 -6.638 -6.874 -7.087 -7.278 -7.45 -7.605 nan -7.338 -7.505 -7.654 -7.789 -7.91 
Round11
0.0 -6.321 -6.589 nan 33.616 38.351 43.613 49.459 55.954 63.171 71.19 80.1 90.0 0.0 
-6.321 -6.589 -5.801 nan 29.355 33.616 38.351 43.613 49.459 55.954 63.171 71.19 80.1 90.0 
-6.589 -5.801 -6.021 nan 25.519 29.355 33.616 nan 43.613 49.459 55.954 63.171 71.19 80.1 
-6.83 nan -5.468 nan 22.067 25.519 29.355 25.519 nan 43.613 49.459 55.954 63.171 71.19 
-5.903 nan -5.179 nan 18.961 22.067 25.519 22.067 18.961 nan 43.613 49.459 55.954 63.171 
-5.591 nan -5.561 nan 16.164 18.961 22.067 18.961 16.164 13.648 nan 43.613 49.459 55.954 
-5.932 nan -5.905 -6.214 nan 16.164 18.961 16.164 13.648 11.383 9.345 nan 43.613 49.459 
-6.239 nan -6.214 -5.764 -5.868 nan 16.164 13.648 11.383 9.345 7.51 -5.873 nan 43.613 
-6.515 nan -5.764 -5.868 -5.556 -5.719 nan 11.383 9.345 7.51 -5.873 -6.186 -6.468 nan 
-6.015 nan -5.868 -5.556 -5.719 -5.369 -5.732 nan 7.51 -5.873 -6.186 -6.468 -6.721 -6.949 
-6.313 nan -5.556 -5.719 -5.369 -5.732 -6.059 -6.353 nan -6.186 -6.468 -6.721 -6.949 -7.154 
-5.912 -5.762 nan -5.369 -5.732 -6.059 -6.353 -5.873 -6.186 nan -6.721 -6.949 -7.154 -7.338 
-5.762 -5.4 -5.76 nan -6.059 -6.353 -5.873 -6.186 -6.468 -6.721 -6.949 -7.154 -7.338 -7.505 
-5.4 -5.76 -6.084 -6.375 nan -5.873 -6.186 -6.468 -6.721 -6.949 -7.154 -7.338 -7.505 -7.654 
-5.76 -6.084 -6.375 -6.638 -6.874 nan -6.468 -6.721 -6.949 -7.154 -7.338 -7.505 -7.654 -7.789 
-6.084 -6.375 -6.638 -6.874 -7.087 -7.278 nan -6.949 -7.154 -7.338 -7.505 -7.654 -7.789 -7.91 
-6.375 -6.638 -6.874 -7.087 -7.278 -7.45 -7.605 nan -7.338 -7.505 -7.654 -7.789 -7.91 -8.019 
-6.638 -6.874 -7.087 -7.278 -7.45 -7.605 -7.745 -7.87 nan -7.654 -7.789 -7.91 -8.019 -8.117 
Round12
0.0 -6.83 -6.121 nan 33.616 38.351 43.613 49.459 55.954 63.171 71.19 80.1 90.0 0.0 
-6.83 -6.121 -6.319 nan 29.355 33.616 38.351 43.613 49.459 55.954 63.171 71.19 80.1 90.0 
-6.121 -6.319 -5.821 nan 25.519 29.355 33.616 nan 43.613 49.459 55.954 63.171 71.19 80.1 
-6.213 nan -5.561 nan 22.067 25.519 29.355 25.519 nan 43.613 49.459 55.954 63.171 71.19 
-5.932 nan -5.905 nan 18.961 22.067 25.519 22.067 18.961 nan 43.613 49.459 55.954 63.171 
-6.239 nan -6.214 nan 16.164 18.961 22.067 18.961 16.164 13.648 nan 43.613 49.459 55.954 
-6.515 nan -6.493 -6.087 nan 16.164 18.961 16.164 13.648 11.383 9.345 nan 43.613 49.459 
-6.763 nan -6.087 -6.181 -5.9 nan 16.164 13.648 11.383 9.345 7.51 5.859 nan 43.613 
-6.313 nan -6.181 -5.9 -6.047 -5.732 nan 11.383 9.345 7.51 5.859 4.373 3.036 nan 
-6.582 nan -5.9 -6.047 -5.732 -6.059 -6.353 nan 7.51 5.859 4.373 3.036 1.832 0.749 
-6.221 nan -6.047 -5.732 -6.059 -6.353 -6.618 -6.186 nan 4.373 3.036 1.832 0.749 -0.226 
-6.086 -5.76 nan -6.059 -6.353 -6.618 -6.186 -6.468 -6.721 nan 1.832 0.749 -0.226 -1.103 
-5.76 -6.084 -6.375 nan -6.618 -6.186 -6.468 -6.721 -6.949 -7.154 0.749 -0.226 -1.103 -1.893 
-6.084 -6.375 -6.638 -6.874 nan -6.468 -6.721 -6.949 -7.154 -7.338 -0.226 -1.103 -1.893 -2.604 
-6.375 -6.638 -6.874 -7.087 -7.278 nan -6.949 -7.154 -7.338 -7.505 -1.103 -1.893 -2.604 -3.243 
-6.638 -6.874 -7.087 -7.278 -7.45 -7.605 nan -7.338 -7.505 -7.654 -1.893 -2.604 -3.243 -3.819 
-6.874 -7.087 -7.278 -7.45 -7.605 -7.745 -7.87 nan -7.654 -7.789 -2.604 -3.243 -3.819 -4.337 
-7.087 -7.278 -7.45 -7.605 -7.745 -7.87 -7.983 -8.085 nan -7.91 -3.243 -3.819 -4.337 -4.803 
Round13
0.0 -6.409 -6.587 nan 33.616 38.351 43.613 49.459 55.954 63.171 71.19 80.1 90.0 0.0 
-6.409 -6.587 -6.139 nan 29.355 33.616 38.351 43.613 49.459 55.954 63.171 71.19 80.1 90.0 
-6.491 -6.139 -5.905 nan 25.519 29.355 33.616 nan 43.613 49.459 55.954 63.171 71.19 80.1 
-6.239 nan -6.214 nan 22.067 25.519 29.355 25.519 nan 43.613 49.459 55.954 63.171 71.19 
-6.515 nan -6.493 nan 18.961 22.067 25.519 22.067 18.961 nan 43.613 49.459 55.954 63.171 
-6.763 nan -6.744 nan 16.164 18.961 22.067 18.961 16.164 13.648 nan 43.613 49.459 55.954 
-6.987 nan -6.379 -6.463 nan 16.164 18.961 16.164 13.648 11.383 9.345 nan 43.613 49.459 
-6.582 nan -6.463 -6.21 -6.342 nan 16.164 13.648 11.383 9.345 7.51 5.859 nan 43.613 
-6.824 nan -6.21 -6.342 -6.059 -6.353 nan 11.383 9.345 7.51 5.859 4.373 3.036 nan 
-6.499 nan -6.342 -6.059 -6.353 -6.618 -6.856 nan 7.51 5.859 4.373 3.036 1.832 0.749 
-6.377 nan -6.059 -6.353 -6.618 -6.856 -6.468 -6.721 nan 4.373 3.036 1.832 0.749 -0.226 
-6.084 -6.375 nan -6.618 -6.856 -6.468 -6.721 -6.949 -7.154 nan 1.832 0.749 -0.226 -1.103 
-6.375 -6.638 -6.874 nan -6.468 -6.721 -6.949 -7.154 -7.338 -0.226 0.749 -0.226 -1.103 -1.893 
-6.638 -6.874 -7.087 -7.278 nan -6.949 -7.154 -7.338 -7.505 -1.103 -0.226 -1.103 -1.893 -2.604 
-6.874 -7.087 -7.278 -7.45 -7.605 nan -7.338 -7.505 -7.654 -1.893 -1.103 -1.893 -2.604 -3.243 
-7.087 -7.278 -7.45 -7.605 -7.745 -7.87 nan -7.654 -7.789 -2.604 -1.893 -2.604 -3.243 -3.819 
-7.278 -7.45 -7.605 -7.745 -7.87 -7.983 -8.085 nan -7.91 -3.243 -2.604 -3.243 -3.819 -4.337 
-7.45 -7.605 -7.745 -7.87 -7.983 -8.085 -8.176 -8.259 nan -3.819 -3.243 -3.819 -4.337 -4.803 
Round14
0.0 -6.829 -6.425 nan 33.616 38.351 43.613 49.459 55.954 63.171 71.19 80.1 90.0 0.0 
-6.742 -6.425 -6.214 nan 29.355 33.616 38.351 43.613 49.459 55.954 63.171 71.19 80.1 90.0 
-6.425 -6.214 -6.493 nan 25.519 29.355 33.616 nan 43.613 49.459 55.954 63.171 71.19 80.1 
-6.683 nan -6.744 nan 22.067 25.519 29.355 25.519 nan 43.613 49.459 55.954 63.171 71.19 
-6.914 nan -6.969 nan 18.961 22.067 25.519 22.067 18.961 nan 43.613 49.459 55.954 63.171 
-7.123 nan -6.641 nan 16.164 18.961 22.067 18.961 16.164 13.648 nan 43.613 49.459 55.954 
-6.824 nan -6.717 -6.489 nan 16.164 18.961 16.164 13.648 11.383 9.345 nan 43.613 49.459 
-7.041 nan -6.489 -6.608 -6.353 nan 16.164 13.648 11.383 9.345 7.51 5.859 nan 43.613 
-6.749 nan -6.608 -6.353 -6.618 -6.856 nan 11.383 9.345 7.51 5.859 4.373 3.036 nan 
-6.639 nan -6.353 -6.618 -6.856 -7.07 -6.721 nan 7.51 5.859 4.373 3.036 1.832 0.749 
-6.375 nan -6.618 -6.856 -7.07 -6.721 -6.949 -7.154 nan 4.373 3.036 1.832 0.749 -0.226 
-6.638 -6.874 nan -7.07 -6.721 -6.949 -7.154 -7.338 -7.505 nan 1.832 0.749 -0.226 -1.103 
-6.874 -7.087 -7.278 nan -6.949 -7.154 -7.338 -7.505 -1.103 -0.226 0.749 -0.226 -1.103 -1.893 
-7.087 -7.278 -7.45 -7.605 nan -7.338 -7.505 -7.654 -1.893 -1.103 -0.226 -1.103 -1.893 -2.604 
-7.278 -7.45 -7.605 -7.745 -7.87 nan -7.654 -7.789 -2.604 -1.893 -1.103 -1.893 -2.604 -3.243 
-7.45 -7.605 -7.745 -7.87 -7.983 -8.085 nan -7.91 -3.243 -2.604 -1.893 -2.604 -3.243 -3.819 
-7.605 -7.745 -7.87 -7.983 -8.085 -8.176 -8.259 nan -3.819 -3.243 -2.604 -3.243 -3.819 -4.337 
-7.745 -7.87 -7.983 -8.085 -8.176 -8.259 -8.333 -8.4 nan -3.819 -3.243 -3.819 -4.337 -4.803 
Round15
0.0 -6.683 -6.493 nan 33.616 38.351 43.613 49.459 55.954 63.171 71.19 80.1 90.0 0.0 
-6.683 -6.493 -6.744 nan 29.355 33.616 38.351 43.613 49.459 55.954 63.171 71.19 80.1 90.0 
-6.493 -6.744 -6.969 nan 25.519 29.355 33.616 nan 43.613 49.459 55.954 63.171 71.19 80.1 
-6.744 nan -7.172 nan 22.067 25.519 29.355 25.519 nan 43.613 49.459 55.954 63.171 71.19 
-6.969 nan -6.877 nan 18.961 22.067 25.519 22.067 18.961 nan 43.613 49.459 55.954 63.171 
-7.041 nan -6.945 nan 16.164 18.961 22.067 18.961 16.164 13.648 nan 43.613 49.459 55.954 
-7.237 nan -6.74 -6.847 nan 16.164 18.961 16.164 13.648 11.383 9.345 nan 43.613 49.459 
-6.974 nan -6.847 -6.618 -6.856 nan 16.164 13.648 11.383 9.345 7.51 5.859 nan 43.613 
-6.875 nan -6.618 -6.856 -7.07 -7.263 nan 11.383 9.345 7.51 5.859 4.373 3.036 nan 
-6.638 nan -6.856 -7.07 -7.263 -6.949 -7.154 nan 7.51 5.859 4.373 3.036 1.832 0.749 
-6.874 nan -7.07 -7.263 -6.949 -7.154 -7.338 -7.505 nan 4.373 3.036 1.832 0.749 -0.226 
-7.087 -7.278 nan -6.949 -7.154 -7.338 -7.505 -7.654 -1.893 nan 1.832 0.749 -0.226 -1.103 
-7.278 -7.45 -7.605 nan -7.338 -7.505 -7.654 -1.893 -1.103 -0.226 0.749 -0.226 -1.103 -1.893 
-7.45 -7.605 -7.745 -7.87 nan -7.654 -7.789 -2.604 -1.893 -1.103 -0.226 -1.103 -1.893 -2.604 
-7.605 -7.745 -7.87 -7.983 -8.085 nan -7.91 -3.243 -2.604 -1.893 -1.103 -1.893 -2.604 -3.243 
-7.745 -7.87 -7.983 -8.085 -8.176 -8.259 nan -3.819 -3.243 -2.604 -1.893 -2.604 -3.243 -3.819 
-7.87 -7.983 -8.085 -8.176 -8.259 -8.333 -8.4 nan -3.819 -3.243 -2.604 -3.243 -3.819 -4.337 
-7.983 -8.085 -8.176 -8.259 -8.333 -8.4 -8.46 -8.514 nan -3.819 -3.243 -3.819 -4.337 -4.803 
Round16
0.0 -6.744 -6.969 nan 33.616 38.351 43.613 49.459 55.954 63.171 71.19 80.1 90.0 0.0 
-6.744 -6.969 -7.172 nan 29.355 33.616 38.351 43.613 49.459 55.954 63.171 71.19 80.1 90.0 
-6.969 -7.172 -7.355 nan 25.519 29.355 33.616 nan 43.613 49.459 55.954 63.171 71.19 80.1 
-7.172 nan -7.089 nan 22.067 25.519 29.355 25.519 nan 43.613 49.459 55.954 63.171 71.19 
-7.355 nan -7.151 nan 18.961 22.067 25.519 22.067 18.961 nan 43.613 49.459 55.954 63.171 
-7.52 nan -6.966 nan 16.164 18.961 22.067 18.961 16.164 13.648 nan 43.613 49.459 55.954 
-7.176 nan -7.062 -6.856 nan 16.164 18.961 16.164 13.648 11.383 9.345 nan 43.613 49.459 
-7.088 nan -6.856 -7.07 -7.263 nan 16.164 13.648 11.383 9.345 7.51 5.859 nan 43.613 
-6.874 nan -7.07 -7.263 -7.437 -7.154 nan 11.383 9.345 7.51 5.859 4.373 3.036 nan 
-7.087 nan -7.263 -7.437 -7.154 -7.338 -7.505 nan 7.51 5.859 4.373 3.036 1.832 0.749 
-7.278 nan -7.437 -7.154 -7.338 -7.505 -7.654 -7.789 nan 4.373 3.036 1.832 0.749 -0.226 
-7.45 -7.605 nan -7.338 -7.505 -7.654 -7.789 -2.604 -1.893 nan 1.832 0.749 -0.226 -1.103 
-7.605 -7.745 -7.87 nan -7.654 -7.789 -2.604 -1.893 -1.103 -0.226 0.749 -0.226 -1.103 -1.893 
-7.745 -7.87 -7.983 -8.085 nan -7.91 -3.243 -2.604 -1.893 -1.103 -0.226 -1.103 -1.893 -2.604 
-7.87 -7.983 -8.085 -8.176 -8.259 nan -3.819 -3.243 -2.604 -1.893 -1.103 -1.893 -2.604 -3.243 
-7.983 -8.085 -8.176 -8.259 -8.333 -8.4 nan -3.819 -3.243 -2.604 -1.893 -2.604 -3.243 -3.819 
-8.085 -8.176 -8.259 -8.333 -8.4 -8.46 -8.514 nan -3.819 -3.243 -2.604 -3.243 -3.819 -4.337 
-8.176 -8.259 -8.333 -8.4 -8.46 -8.514 -8.562 -8.606 nan -3.819 -3.243 -3.819 -4.337 -4.803 
Round17
0.0 -7.172 -7.355 nan 33.616 38.351 43.613 49.459 55.954 63.171 71.19 80.1 90.0 0.0 
-7.172 -7.355 -7.52 nan 29.355 33.616 38.351 43.613 49.459 55.954 63.171 71.19 80.1 90.0 
-7.355 -7.52 -7.28 nan 25.519 29.355 33.616 nan 43.613 49.459 55.954 63.171 71.19 80.1 
-7.52 nan -7.336 nan 22.067 25.519 29.355 25.519 nan 43.613 49.459 55.954 63.171 71.19 
-7.668 nan -7.17 nan 18.961 22.067 25.519 22.067 18.961 nan 43.613 49.459 55.954 63.171 
-7.359 nan -7.256 nan 16.164 18.961 22.067 18.961 16.164 13.648 nan 43.613 49.459 55.954 
-7.279 nan -7.07 -7.263 nan 16.164 18.961 16.164 13.648 11.383 9.345 nan 43.613 49.459 
-7.087 nan -7.263 -7.437 -7.593 nan 16.164 13.648 11.383 9.345 7.51 5.859 nan 43.613 
-7.278 nan -7.437 -7.593 -7.338 -7.505 nan 11.383 9.345 7.51 5.859 4.373 3.036 nan 
-7.45 nan -7.593 -7.338 -7.505 -7.654 -7.789 nan 7.51 5.859 4.373 3.036 1.832 0.749 
-7.605 nan -7.338 -7.505 -7.654 -7.789 -7.91 -3.243 nan 4.373 3.036 1.832 0.749 -0.226 
-7.745 -7.87 nan -7.654 -7.789 -7.91 -3.243 -2.604 -1.893 nan 1.832 0.749 -0.226 -1.103 
-7.87 -7.983 -8.085 nan -7.91 -3.243 -2.604 -1.893 -1.103 -0.226 0.749 -0.226 -1.103 -1.893 
-7.983 -8.085 -8.176 -8.259 nan -3.819 -3.243 -2.604 -1.893 -1.103 -0.226 -1.103 -1.893 -2.604 
-8.085 -8.176 -8.259 -8.333 -8.4 nan -3.819 -3.243 -2.604 -1.893 -1.103 -1.893 -2.604 -3.243 
-8.176 -8.259 -8.333 -8.4 -8.46 -8.514 nan -3.819 -3.243 -2.604 -1.893 -2.604 -3.243 -3.819 
-8.259 -8.333 -8.4 -8.46 -8.514 -8.562 -8.606 nan -3.819 -3.243 -2.604 -3.243 -3.819 -4.337 
-8.333 -8.4 -8.46 -8.514 -8.562 -8.606 -8.645 -8.681 nan -3.819 -3.243 -3.819 -4.337 -4.803 
Round18
0.0 -7.52 -7.668 nan 33.616 38.351 43.613 49.459 55.954 63.171 71.19 80.1 90.0 0.0 
-7.52 -7.668 -7.452 nan 29.355 33.616 38.351 43.613 49.459 55.954 63.171 71.19 80.1 90.0 
-7.668 -7.452 -7.502 nan 25.519 29.355 33.616 nan 43.613 49.459 55.954 63.171 71.19 80.1 
-7.801 nan -7.353 nan 22.067 25.519 29.355 25.519 nan 43.613 49.459 55.954 63.171 71.19 
-7.523 nan -7.431 nan 18.961 22.067 25.519 22.067 18.961 nan 43.613 49.459 55.954 63.171 
-7.451 nan -7.263 nan 16.164 18.961 22.067 18.961 16.164 13.648 nan 43.613 49.459 55.954 
-7.278 nan -7.437 -7.593 nan 16.164 18.961 16.164 13.648 11.383 9.345 nan 43.613 49.459 
-7.45 nan -7.593 -7.734 -7.505 nan 16.164 13.648 11.383 9.345 7.51 5.859 nan 43.613 
-7.605 nan -7.734 -7.505 -7.654 -7.789 nan 11.383 9.345 7.51 5.859 4.373 3.036 nan 
-7.745 nan -7.505 -7.654 -7.789 -7.91 -8.019 nan 7.51 5.859 4.373 3.036 1.832 0.749 
-7.87 nan -7.654 -7.789 -7.91 -8.019 -3.819 -3.243 nan 4.373 3.036 1.832 0.749 -0.226 
-7.983 -8.085 nan -7.91 -8.019 -3.819 -3.243 -2.604 -1.893 nan 1.832 0.749 -0.226 -1.103 
-8.085 -8.176 -8.259 nan -3.819 -3.243 -2.604 -1.893 -1.103 -0.226 0.749 -0.226 -1.103 -1.893 
-8.176 -8.259 -8.333 -8.4 nan -3.819 -3.243 -2.604 -1.893 -1.103 -0.226 -1.103 -1.893 -2.604 
-8.259 -8.333 -8.4 -8.46 -8.514 nan -3.819 -3.243 -2.604 -1.893 -1.103 -1.893 -2.604 -3.243 
-8.333 -8.4 -8.46 -8.514 -8.562 -8.606 nan -3.819 -3.243 -2.604 -1.893 -2.604 -3.243 -3.819 
-8.4 -8.46 -8.514 -8.562 -8.606 -8.645 -8.681 nan -3.819 -3.243 -2.604 -3.243 -3.819 -4.337 
-8.46 -8.514 -8.562 -8.606 -8.645 -8.681 -8.713 -8.742 nan -3.819 -3.243 -3.819 -4.337 -4.803 
Round19
0.0 -7.801 -7.607 nan 33.616 38.351 43.613 49.459 55.954 63.171 71.19 80.1 90.0 0.0 
-7.801 -7.607 -7.652 nan 29.355 33.616 38.351 43.613 49.459 55.954 63.171 71.19 80.1 90.0 
-7.607 -7.652 -7.517 nan 25.519 29.355 33.616 nan 43.613 49.459 55.954 63.171 71.19 80.1 
-7.671 nan -7.588 nan 22.067 25.519 29.355 25.519 nan 43.613 49.459 55.954 63.171 71.19 
-7.606 nan -7.437 nan 18.961 22.067 25.519 22.067 18.961 nan 43.613 49.459 55.954 63.171 
-7.45 nan -7.593 nan 16.164 18.961 22.067 18.961 16.164 13.648 nan 43.613 49.459 55.954 
-7.605 nan -7.734 -7.86 nan 16.164 18.961 16.164 13.648 11.383 9.345 nan 43.613 49.459 
-7.745 nan -7.86 -7.654 -7.789 nan 16.164 13.648 11.383 9.345 7.51 5.859 nan 43.613 
-7.87 nan -7.654 -7.789 -7.91 -8.019 nan 11.383 9.345 7.51 5.859 4.373 3.036 nan 
-7.983 nan -7.789 -7.91 -8.019 -8.117 -4.337 nan 7.51 5.859 4.373 3.036 1.832 0.749 
-8.085 nan -7.91 -8.019 -8.117 -4.337 -3.819 -3.243 nan 4.373 3.036 1.832 0.749 -0.226 
-8.176 -8.259 nan -8.117 -4.337 -3.819 -3.243 -2.604 -1.893 nan 1.832 0.749 -0.226 -1.103 
-8.259 -8.333 -8.4 nan -3.819 -3.243 -2.604 -1.893 -1.103 -0.226 0.749 -0.226 -1.103 -1.893 
-8.333 -8.4 -8.46 -8.514 nan -3.819 -3.243 -2.604 -1.893 -1.103 -0.226 -1.103 -1.893 -2.604 
-8.4 -8.46 -8.514 -8.562 -8.606 nan -3.819 -3.243 -2.604 -1.893 -1.103 -1.893 -2.604 -3.243 
-8.46 -8.514 -8.562 -8.606 -8.645 -8.681 nan -3.819 -3.243 -2.604 -1.893 -2.604 -3.243 -3.819 
-8.514 -8.562 -8.606 -8.645 -8.681 -8.713 -8.742 nan -3.819 -3.243 -2.604 -3.243 -3.819 -4.337 
-8.562 -8.606 -8.645 -8.681 -8.713 -8.742 -8.767 -8.791 nan -3.819 -3.243 -3.819 -4.337 -4.803 
Round20
0.0 -7.746 -7.787 nan 33.616 38.351 43.613 49.459 55.954 63.171 71.19 80.1 90.0 0.0 
-7.746 -7.787 -7.666 nan 29.355 33.616 38.351 43.613 49.459 55.954 63.171 71.19 80.1 90.0 
-7.787 -7.666 -7.729 nan 25.519 29.355 33.616 nan 43.613 49.459 55.954 63.171 71.19 80.1 
-7.746 nan -7.593 nan 22.067 25.519 29.355 25.519 nan 43.613 49.459 55.954 63.171 71.19 
-7.605 nan -7.734 nan 18.961 22.067 25.519 22.067 18.961 nan 43.613 49.459 55.954 63.171 
-7.745 nan -7.86 nan 16.164 18.961 22.067 18.961 16.164 13.648 nan 43.613 49.459 55.954 
-7.87 nan -7.974 -7.789 nan 16.164 18.961 16.164 13.648 11.383 9.345 nan 43.613 49.459 
-7.983 nan -7.789 -7.91 -8.019 nan 16.164 13.648 11.383 9.345 7.51 5.859 nan 43.613 
-8.085 nan -7.91 -8.019 -8.117 -8.205 nan 11.383 9.345 7.51 5.859 4.373 3.036 nan 
-8.176 nan -8.019 -8.117 -8.205 -4.803 -4.337 nan 7.51 5.859 4.373 3.036 1.832 0.749 
-8.259 nan -8.117 -8.205 -4.803 -4.337 -3.819 -3.243 nan 4.373 3.036 1.832 0.749 -0.226 
-8.333 -8.4 nan -4.803 -4.337 -3.819 -3.243 -2.604 -1.893 nan 1.832 0.749 -0.226 -1.103 
-8.4 -8.46 -8.514 nan -3.819 -3.243 -2.604 -1.893 -1.103 -0.226 0.749 -0.226 -1.103 -1.893 
-8.46 -8.514 -8.562 -8.606 nan -3.819 -3.243 -2.604 -1.893 -1.103 -0.226 -1.103 -1.893 -2.604 
-8.514 -8.562 -8.606 -8.645 -8.681 nan -3.819 -3.243 -2.604 -1.893 -1.103 -1.893 -2.604 -3.243 
-8.562 -8.606 -8.645 -8.681 -8.713 -8.742 nan -3.819 -3.243 -2.604 -1.893 -2.604 -3.243 -3.819 
-8.606 -8.645 -8.681 -8.713 -8.742 -8.767 -8.791 nan -3.819 -3.243 -2.604 -3.243 -3.819 -4.337 
-8.645 -8.681 -8.713 -8.742 -8.767 -8.791 -8.812 -8.83 nan -3.819 -3.243 -3.819 -4.337 -4.803 
Round21
0.0 -7.908 -7.799 nan 33.616 38.351 43.613 49.459 55.954 63.171 71.19 80.1 90.0 0.0 
-7.908 -7.799 -7.856 nan 29.355 33.616 38.351 43.613 49.459 55.954 63.171 71.19 80.1 90.0 
-7.799 -7.856 -7.734 nan 25.519 29.355 33.616 nan 43.613 49.459 55.954 63.171 71.19 80.1 
-7.745 nan -7.86 nan 22.067 25.519 29.355 25.519 nan 43.613 49.459 55.954 63.171 71.19 
-7.87 nan -7.974 nan 18.961 22.067 25.519 22.067 18.961 nan 43.613 49.459 55.954 63.171 
-7.983 nan -8.077 nan 16.164 18.961 22.067 18.961 16.164 13.648 nan 43.613 49.459 55.954 
-8.085 nan -7.91 -8.019 nan 16.164 18.961 16.164 13.648 11.383 9.345 nan 43.613 49.459 
-8.176 nan -8.019 -8.117 -8.205 nan 16.164 13.648 11.383 9.345 7.51 5.859 nan 43.613 
-8.259 nan -8.117 -8.205 -8.285 -5.223 nan 11.383 9.345 7.51 5.859 4.373 3.036 nan 
-8.333 nan -8.205 -8.285 -5.223 -4.803 -4.337 nan 7.51 5.859 4.373 3.036 1.832 0.749 
-8.4 nan -8.285 -5.223 -4.803 -4.337 -3.819 -3.243 nan 4.373 3.036 1.832 0.749 -0.226 
-8.46 -8.514 nan -4.803 -4.337 -3.819 -3.243 -2.604 -1.893 nan 1.832 0.749 -0.226 -1.103 
-8.514 -8.562 -8.606 nan -3.819 -3.243 -2.604 -1.893 -1.103 -0.226 0.749 -0.226 -1.103 -1.893 
-8.562 -8.606 -8.645 -8.681 nan -3.819 -3.243 -2.604 -1.893 -1.103 -0.226 -1.103 -1.893 -2.604 
-8.606 -8.645 -8.681 -8.713 -8.742 nan -3.819 -3.243 -2.604 -1.893 -1.103 -1.893 -2.604 -3.243 
-8.645 -8.681 -8.713 -8.742 -8.767 -8.791 nan -3.819 -3.243 -2.604 -1.893 -2.604 -3.243 -3.819 
-8.681 -8.713 -8.742 -8.767 -8.791 -8.812 -8.83 nan -3.819 -3.243 -2.604 -3.243 -3.819 -4.337 
-8.713 -8.742 -8.767 -8.791 -8.812 -8.83 -8.847 -8.863 nan -3.819 -3.243 -3.819 -4.337 -4.803 
Round22
0.0 -7.919 -7.97 nan 33.616 38.351 43.613 49.459 55.954 63.171 71.19 80.1 90.0 0.0 
-7.919 -7.97 -7.86 nan 29.355 33.616 38.351 43.613 49.459 55.954 63.171 71.19 80.1 90.0 
-7.87 -7.86 -7.974 nan 25.519 29.355 33.616 nan 43.613 49.459 55.954 63.171 71.19 80.1 
-7.983 nan -8.077 nan 22.067 25.519 29.355 25.519 nan 43.613 49.459 55.954 63.171 71.19 
-8.085 nan -8.169 nan 18.961 22.067 25.519 22.067 18.961 nan 43.613 49.459 55.954 63.171 
-8.176 nan -8.019 nan 16.164 18.961 22.067 18.961 16.164 13.648 nan 43.613 49.459 55.954 
-8.259 nan -8.117 -8.205 nan 16.164 18.961 16.164 13.648 11.383 9.345 nan 43.613 49.459 
-8.333 nan -8.205 -8.285 -8.356 nan 16.164 13.648 11.383 9.345 7.51 5.859 nan 43.613 
-8.4 nan -8.285 -8.356 -5.601 -5.223 nan 11.383 9.345 7.51 5.859 4.373 3.036 nan 
-8.46 nan -8.356 -5.601 -5.223 -4.803 -4.337 nan 7.51 5.859 4.373 3.036 1.832 0.749 
-8.514 nan -5.601 -5.223 -4.803 -4.337 -3.819 -3.243 nan 4.373 3.036 1.832 0.749 -0.226 
-8.562 -8.606 nan -4.803 -4.337 -3.819 -3.243 -2.604 -1.893 nan 1.832 0.749 -0.226 -1.103 
-8.606 -8.645 -8.681 nan -3.819 -3.243 -2.604 -1.893 -1.103 -0.226 0.749 -0.226 -1.103 -1.893 
-8.645 -8.681 -8.713 -8.742 nan -3.819 -3.243 -2.604 -1.893 -1.103 -0.226 -1.103 -1.893 -2.604 
-8.681 -8.713 -8.742 -8.767 -8.791 nan -3.819 -3.243 -2.604 -1.893 -1.103 -1.893 -2.604 -3.243 
-8.713 -8.742 -8.767 -8.791 -8.812 -8.83 nan -3.819 -3.243 -2.604 -1.893 -2.604 -3.243 -3.819 
-8.742 -8.767 -8.791 -8.812 -8.83 -8.847 -8.863 nan -3.819 -3.243 -2.604 -3.243 -3.819 -4.337 
-8.767 -8.791 -8.812 -8.83 -8.847 -8.863 -8.876 -8.889 nan -3.819 -3.243 -3.819 -4.337 -4.803 
Round23
0.0 -8.073 -7.974 nan 33.616 38.351 43.613 49.459 55.954 63.171 71.19 80.1 90.0 0.0 
-7.983 -7.974 -8.077 nan 29.355 33.616 38.351 43.613 49.459 55.954 63.171 71.19 80.1 90.0 
-7.974 -8.077 -8.169 nan 25.519 29.355 33.616 nan 43.613 49.459 55.954 63.171 71.19 80.1 
-8.077 nan -8.252 nan 22.067 25.519 29.355 25.519 nan 43.613 49.459 55.954 63.171 71.19 
-8.169 nan -8.117 nan 18.961 22.067 25.519 22.067 18.961 nan 43.613 49.459 55.954 63.171 
-8.252 nan -8.205 nan 16.164 18.961 22.067 18.961 16.164 13.648 nan 43.613 49.459 55.954 
-8.327 nan -8.285 -8.356 nan 16.164 18.961 16.164 13.648 11.383 9.345 nan 43.613 49.459 
-8.394 nan -8.356 -8.421 -5.941 nan 16.164 13.648 11.383 9.345 7.51 5.859 nan 43.613 
-8.455 nan -8.421 -5.941 -5.601 -5.223 nan 11.383 9.345 7.51 5.859 4.373 3.036 nan 
-8.509 nan -5.941 -5.601 -5.223 -4.803 -4.337 nan 7.51 5.859 4.373 3.036 1.832 0.749 
-8.559 nan -5.601 -5.223 -4.803 -4.337 -3.819 -3.243 nan 4.373 3.036 1.832 0.749 -0.226 
-8.603 -8.642 nan -4.803 -4.337 -3.819 -3.243 -2.604 -1.893 nan 1.832 0.749 -0.226 -1.103 
-8.642 -8.678 -8.71 nan -3.819 -3.243 -2.604 -1.893 -1.103 -0.226 0.749 -0.226 -1.103 -1.893 
-8.678 -8.71 -8.739 -8.765 nan -3.819 -3.243 -2.604 -1.893 -1.103 -0.226 -1.103 -1.893 -2.604 
-8.71 -8.739 -8.765 -8.789 -8.81 nan -3.819 -3.243 -2.604 -1.893 -1.103 -1.893 -2.604 -3.243 
-8.739 -8.765 -8.789 -8.81 -8.829 -8.846 nan -3.819 -3.243 -2.604 -1.893 -2.604 -3.243 -3.819 
-8.765 -8.789 -8.81 -8.829 -8.846 -8.861 -8.875 nan -3.819 -3.243 -2.604 -3.243 -3.819 -4.337 
-8.789 -8.81 -8.829 -8.846 -8.861 -8.875 -8.888 -8.899 nan -3.819 -3.243 -3.819 -4.337 -4.803 
Round24
0.0 -8.077 -8.169 nan 33.616 38.351 43.613 49.459 55.954 63.171 71.19 80.1 90.0 0.0 
-8.077 -8.169 -8.252 nan 29.355 33.616 38.351 43.613 49.459 55.954 63.171 71.19 80.1 90.0 
-8.169 -8.252 -8.327 nan 25.519 29.355 33.616 nan 43.613 49.459 55.954 63.171 71.19 80.1 
-8.252 nan -8.205 nan 22.067 25.519 29.355 25.519 nan 43.613 49.459 55.954 63.171 71.19 
-8.327 nan -8.285 nan 18.961 22.067 25.519 22.067 18.961 nan 43.613 49.459 55.954 63.171 
-8.394 nan -8.356 nan 16.164 18.961 22.067 18.961 16.164 13.648 nan 43.613 49.459 55.954 
-8.455 nan -8.421 -8.479 nan 16.164 18.961 16.164 13.648 11.383 9.345 nan 43.613 49.459 
-8.509 nan -8.479 -6.247 -5.941 nan 16.164 13.648 11.383 9.345 7.51 5.859 nan 43.613 
-8.559 nan -6.247 -5.941 -5.601 -5.223 nan 11.383 9.345 7.51 5.859 4.373 3.036 nan 
-8.603 nan -5.941 -5.601 -5.223 -4.803 -4.337 nan 7.51 5.859 4.373 3.036 1.832 0.749 
-8.642 nan -5.601 -5.223 -4.803 -4.337 -3.819 -3.243 nan 4.373 3.036 1.832 0.749 -0.226 
-8.678 -8.71 nan -4.803 -4.337 -3.819 -3.243 -2.604 -1.893 nan 1.832 0.749 -0.226 -1.103 
-8.71 -8.739 -8.765 nan -3.819 -3.243 -2.604 -1.893 -1.103 -0.226 0.749 -0.226 -1.103 -1.893 
-8.739 -8.765 -8.789 -8.81 nan -3.819 -3.243 -2.604 -1.893 -1.103 -0.226 -1.103 -1.893 -2.604 
-8.765 -8.789 -8.81 -8.829 -8.846 nan -3.819 -3.243 -2.604 -1.893 -1.103 -1.893 -2.604 -3.243 
-8.789 -8.81 -8.829 -8.846 -8.861 -8.875 nan -3.819 -3.243 -2.604 -1.893 -2.604 -3.243 -3.819 
-8.81 -8.829 -8.846 -8.861 -8.875 -8.888 -8.899 nan -3.819 -3.243 -2.604 -3.243 -3.819 -4.337 
-8.829 -8.846 -8.861 -8.875 -8.888 -8.899 -8.909 -8.918 nan -3.819 -3.243 -3.819 -4.337 -4.803 
Round25
0.0 -8.252 -8.327 nan 33.616 38.351 43.613 49.459 55.954 63.171 71.19 80.1 90.0 0.0 
-8.252 -8.327 -8.394 nan 29.355 33.616 38.351 43.613 49.459 55.954 63.171 71.19 80.1 90.0 
-8.327 -8.394 -8.285 nan 25.519 29.355 33.616 nan 43.613 49.459 55.954 63.171 71.19 80.1 
-8.394 nan -8.356 nan 22.067 25.519 29.355 25.519 nan 43.613 49.459 55.954 63.171 71.19 
-8.455 nan -8.421 nan 18.961 22.067 25.519 22.067 18.961 nan 43.613 49.459 55.954 63.171 
-8.509 nan -8.479 nan 16.164 18.961 22.067 18.961 16.164 13.648 nan 43.613 49.459 55.954 
-8.559 nan -8.531 -6.522 nan 16.164 18.961 16.164 13.648 11.383 9.345 nan 43.613 49.459 
-8.603 nan -6.522 -6.247 -5.941 nan 16.164 13.648 11.383 9.345 7.51 5.859 nan 43.613 
-8.642 nan -6.247 -5.941 -5.601 -5.223 nan 11.383 9.345 7.51 5.859 4.373 3.036 nan 
-8.678 nan -5.941 -5.601 -5.223 -4.803 -4.337 nan 7.51 5.859 4.373 3.036 1.832 0.749 
-8.71 nan -5.601 -5.223 -4.803 -4.337 -3.819 -3.243 nan 4.373 3.036 1.832 0.749 -0.226 
-8.739 -8.765 nan -4.803 -4.337 -3.819 -3.243 -2.604 -1.893 nan 1.832 0.749 -0.226 -1.103 
-8.765 -8.789 -8.81 nan -3.819 -3.243 -2.604 -1.893 -1.103 -0.226 0.749 -0.226 -1.103 -1.893 
-8.789 -8.81 -8.829 -8.846 nan -3.819 -3.243 -2.604 -1.893 -1.103 -0.226 -1.103 -1.893 -2.604 
-8.81 -8.829 -8.846 -8.861 -8.875 nan -3.819 -3.243 -2.604 -1.893 -1.103 -1.893 -2.604 -3.243 
-8.829 -8.846 -8.861 -8.875 -8.888 -8.899 nan -3.819 -3.243 -2.604 -1.893 -2.604 -3.243 -3.819 
-8.846 -8.861 -8.875 -8.888 -8.899 -8.909 -8.918 nan -3.819 -3.243 -2.604 -3.243 -3.819 -4.337 
-8.861 -8.875 -8.888 -8.899 -8.909 -8.918 -8.926 -8.934 nan -3.819 -3.243 -3.819 -4.337 -4.803 
Round26
0.0 -8.394 -8.455 nan 33.616 38.351 43.613 49.459 55.954 63.171 71.19 80.1 90.0 0.0 
-8.394 -8.455 -8.356 nan 29.355 33.616 38.351 43.613 49.459 55.954 63.171 71.19 80.1 90.0 
-8.455 -8.356 -8.421 nan 25.519 29.355 33.616 nan 43.613 49.459 55.954 63.171 71.19 80.1 
-8.509 nan -8.479 nan 22.067 25.519 29.355 25.519 nan 43.613 49.459 55.954 63.171 71.19 
-8.559 nan -8.531 nan 18.961 22.067 25.519 22.067 18.961 nan 43.613 49.459 55.954 63.171 
-8.603 nan -8.578 nan 16.164 18.961 22.067 18.961 16.164 13.648 nan 43.613 49.459 55.954 
-8.642 nan -6.77 -6.522 nan 16.164 18.961 16.164 13.648 11.383 9.345 nan 43.613 49.459 
-8.678 nan -6.522 -6.247 -5.941 nan 16.164 13.648 11.383 9.345 7.51 5.859 nan 43.613 
-8.71 nan -6.247 -5.941 -5.601 -5.223 nan 11.383 9.345 7.51 5.859 4.373 3.036 nan 
-8.739 nan -5.941 -5.601 -5.223 -4.803 -4.337 nan 7.51 5.859 4.373 3.036 1.832 0.749 
-8.765 nan -5.601 -5.223 -4.803 -4.337 -3.819 -3.243 nan 4.373 3.036 1.832 0.749 -0.226 
-8.789 -8.81 nan -4.803 -4.337 -3.819 -3.243 -2.604 -1.893 nan 1.832 0.749 -0.226 -1.103 
-8.81 -8.829 -8.846 nan -3.819 -3.243 -2.604 -1.893 -1.103 -0.226 0.749 -0.226 -1.103 -1.893 
-8.829 -8.846 -8.861 -8.875 nan -3.819 -3.243 -2.604 -1.893 -1.103 -0.226 -1.103 -1.893 -2.604 
-8.846 -8.861 -8.875 -8.888 -8.899 nan -3.819 -3.243 -2.604 -1.893 -1.103 -1.893 -2.604 -3.243 
-8.861 -8.875 -8.888 -8.899 -8.909 -8.918 nan -3.819 -3.243 -2.604 -1.893 -2.604 -3.243 -3.819 
-8.875 -8.888 -8.899 -8.909 -8.918 -8.926 -8.934 nan -3.819 -3.243 -2.604 -3.243 -3.819 -4.337 
-8.888 -8.899 -8.909 -8.918 -8.926 -8.934 -8.94 -8.946 nan -3.819 -3.243 -3.819 -4.337 -4.803 
Round27
0.0 -8.509 -8.421 nan 33.616 38.351 43.613 49.459 55.954 63.171 71.19 80.1 90.0 0.0 
-8.509 -8.421 -8.479 nan 29.355 33.616 38.351 43.613 49.459 55.954 63.171 71.19 80.1 90.0 
-8.421 -8.479 -8.531 nan 25.519 29.355 33.616 nan 43.613 49.459 55.954 63.171 71.19 80.1 
-8.479 nan -8.578 nan 22.067 25.519 29.355 25.519 nan 43.613 49.459 55.954 63.171 71.19 
-8.531 nan -8.62 nan 18.961 22.067 25.519 22.067 18.961 nan 43.613 49.459 55.954 63.171 
-8.578 nan -6.993 nan 16.164 18.961 22.067 18.961 16.164 13.648 nan 43.613 49.459 55.954 
-8.62 nan -6.77 -6.522 nan 16.164 18.961 16.164 13.648 11.383 9.345 nan 43.613 49.459 
-8.658 nan -6.522 -6.247 -5.941 nan 16.164 13.648 11.383 9.345 7.51 5.859 nan 43.613 
-8.692 nan -6.247 -5.941 -5.601 -5.223 nan 11.383 9.345 7.51 5.859 4.373 3.036 nan 
-8.723 nan -5.941 -5.601 -5.223 -4.803 -4.337 nan 7.51 5.859 4.373 3.036 1.832 0.749 
-8.751 nan -5.601 -5.223 -4.803 -4.337 -3.819 -3.243 nan 4.373 3.036 1.832 0.749 -0.226 
-8.776 -8.798 nan -4.803 -4.337 -3.819 -3.243 -2.604 -1.893 nan 1.832 0.749 -0.226 -1.103 
-8.798 -8.818 -8.836 nan -3.819 -3.243 -2.604 -1.893 -1.103 -0.226 0.749 -0.226 -1.103 -1.893 
-8.818 -8.836 -8.853 -8.867 nan -3.819 -3.243 -2.604 -1.893 -1.103 -0.226 -1.103 -1.893 -2.604 
-8.836 -8.853 -8.867 -8.881 -8.893 nan -3.819 -3.243 -2.604 -1.893 -1.103 -1.893 -2.604 -3.243 
-8.853 -8.867 -8.881 -8.893 -8.903 -8.913 nan -3.819 -3.243 -2.604 -1.893 -2.604 -3.243 -3.819 
-8.867 -8.881 -8.893 -8.903 -8.913 -8.922 -8.93 nan -3.819 -3.243 -2.604 -3.243 -3.819 -4.337 
-8.881 -8.893 -8.903 -8.913 -8.922 -8.93 -8.937 -8.943 nan -3.819 -3.243 -3.819 -4.337 -4.803 
Round28
0.0 -8.479 -8.531 nan 33.616 38.351 43.613 49.459 55.954 63.171 71.19 80.1 90.0 0.0 
-8.479 -8.531 -8.578 nan 29.355 33.616 38.351 43.613 49.459 55.954 63.171 71.19 80.1 90.0 
-8.531 -8.578 -8.62 nan 25.519 29.355 33.616 nan 43.613 49.459 55.954 63.171 71.19 80.1 
-8.578 nan -8.658 nan 22.067 25.519 29.355 25.519 nan 43.613 49.459 55.954 63.171 71.19 
-8.62 nan -7.193 nan 18.961 22.067 25.519 22.067 18.961 nan 43.613 49.459 55.954 63.171 
-8.658 nan -6.993 nan 16.164 18.961 22.067 18.961 16.164 13.648 nan 43.613 49.459 55.954 
-8.692 nan -6.77 -6.522 nan 16.164 18.961 16.164 13.648 11.383 9.345 nan 43.613 49.459 
-8.723 nan -6.522 -6.247 -5.941 nan 16.164 13.648 11.383 9.345 7.51 5.859 nan 43.613 
-8.751 nan -6.247 -5.941 -5.601 -5.223 nan 11.383 9.345 7.51 5.859 4.373 3.036 nan 
-8.776 nan -5.941 -5.601 -5.223 -4.803 -4.337 nan 7.51 5.859 4.373 3.036 1.832 0.749 
-8.798 nan -5.601 -5.223 -4.803 -4.337 -3.819 -3.243 nan 4.373 3.036 1.832 0.749 -0.226 
-8.818 -8.836 nan -4.803 -4.337 -3.819 -3.243 -2.604 -1.893 nan 1.832 0.749 -0.226 -1.103 
-8.836 -8.853 -8.867 nan -3.819 -3.243 -2.604 -1.893 -1.103 -0.226 0.749 -0.226 -1.103 -1.893 
-8.853 -8.867 -8.881 -8.893 nan -3.819 -3.243 -2.604 -1.893 -1.103 -0.226 -1.103 -1.893 -2.604 
-8.867 -8.881 -8.893 -8.903 -8.913 nan -3.819 -3.243 -2.604 -1.893 -1.103 -1.893 -2.604 -3.243 
-8.881 -8.893 -8.903 -8.913 -8.922 -8.93 nan -3.819 -3.243 -2.604 -1.893 -2.604 -3.243 -3.819 
-8.893 -8.903 -8.913 -8.922 -8.93 -8.937 -8.943 nan -3.819 -3.243 -2.604 -3.243 -3.819 -4.337 
-8.903 -8.913 -8.922 -8.93 -8.937 -8.943 -8.949 -8.954 nan -3.819 -3.243 -3.819 -4.337 -4.803 
Round29
0.0 -8.578 -8.62 nan 33.616 38.351 43.613 49.459 55.954 63.171 71.19 80.1 90.0 0.0 
-8.578 -8.62 -8.658 nan 29.355 33.616 38.351 43.613 49.459 55.954 63.171 71.19 80.1 90.0 
-8.62 -8.658 -8.692 nan 25.519 29.355 33.616 nan 43.613 49.459 55.954 63.171 71.19 80.1 
-8.658 nan -7.374 nan 22.067 25.519 29.355 25.519 nan 43.613 49.459 55.954 63.171 71.19 
-8.692 nan -7.193 nan 18.961 22.067 25.519 22.067 18.961 nan 43.613 49.459 55.954 63.171 
-8.723 nan -6.993 nan 16.164 18.961 22.067 18.961 16.164 13.648 nan 43.613 49.459 55.954 
-8.751 nan -6.77 -6.522 nan 16.164 18.961 16.164 13.648 11.383 9.345 nan 43.613 49.459 
-8.776 nan -6.522 -6.247 -5.941 nan 16.164 13.648 11.383 9.345 7.51 5.859 nan 43.613 
-8.798 nan -6.247 -5.941 -5.601 -5.223 nan 11.383 9.345 7.51 5.859 4.373 3.036 nan 
-8.818 nan -5.941 -5.601 -5.223 -4.803 -4.337 nan 7.51 5.859 4.373 3.036 1.832 0.749 
-8.836 nan -5.601 -5.223 -4.803 -4.337 -3.819 -3.243 nan 4.373 3.036 1.832 0.749 -0.226 
-8.853 -8.867 nan -4.803 -4.337 -3.819 -3.243 -2.604 -1.893 nan 1.832 0.749 -0.226 -1.103 
-8.867 -8.881 -8.893 nan -3.819 -3.243 -2.604 -1.893 -1.103 -0.226 0.749 -0.226 -1.103 -1.893 
-8.881 -8.893 -8.903 -8.913 nan -3.819 -3.243 -2.604 -1.893 -1.103 -0.226 -1.103 -1.893 -2.604 
-8.893 -8.903 -8.913 -8.922 -8.93 nan -3.819 -3.243 -2.604 -1.893 -1.103 -1.893 -2.604 -3.243 
-8.903 -8.913 -8.922 -8.93 -8.937 -8.943 nan -3.819 -3.243 -2.604 -1.893 -2.604 -3.243 -3.819 
-8.913 -8.922 -8.93 -8.937 -8.943 -8.949 -8.954 nan -3.819 -3.243 -2.604 -3.243 -3.819 -4.337 
-8.922 -8.93 -8.937 -8.943 -8.949 -8.954 -8.958 -8.963 nan -3.819 -3.243 -3.819 -4.337 -4.803 
Round30
0.0 -8.658 -8.692 nan 33.616 38.351 43.613 49.459 55.954 63.171 71.19 80.1 90.0 0.0 
-8.658 -8.692 -8.723 nan 29.355 33.616 38.351 43.613 49.459 55.954 63.171 71.19 80.1 90.0 
-8.692 -8.723 -7.537 nan 25.519 29.355 33.616 nan 43.613 49.459 55.954 63.171 71.19 80.1 
-8.723 nan -7.374 nan 22.067 25.519 29.355 25.519 nan 43.613 49.459 55.954 63.171 71.19 
-8.751 nan -7.193 nan 18.961 22.067 25.519 22.067 18.961 nan 43.613 49.459 55.954 63.171 
-8.776 nan -6.993 nan 16.164 18.961 22.067 18.961 16.164 13.648 nan 43.613 49.459 55.954 
-8.798 nan -6.77 -6.522 nan 16.164 18.961 16.164 13.648 11.383 9.345 nan 43.613 49.459 
-8.818 nan -6.522 -6.247 -5.941 nan 16.164 13.648 11.383 9.345 7.51 5.859 nan 43.613 
-8.836 nan -6.247 -5.941 -5.601 -5.223 nan 11.383 9.345 7.51 5.859 4.373 3.036 nan 
-8.853 nan -5.941 -5.601 -5.223 -4.803 -4.337 nan 7.51 5.859 4.373 3.036 1.832 0.749 
-8.867 nan -5.601 -5.223 -4.803 -4.337 -3.819 -3.243 nan 4.373 3.036 1.832 0.749 -0.226 
-8.881 -8.893 nan -4.803 -4.337 -3.819 -3.243 -2.604 -1.893 nan 1.832 0.749 -0.226 -1.103 
-8.893 -8.903 -8.913 nan -3.819 -3.243 -2.604 -1.893 -1.103 -0.226 0.749 -0.226 -1.103 -1.893 
-8.903 -8.913 -8.922 -8.93 nan -3.819 -3.243 -2.604 -1.893 -1.103 -0.226 -1.103 -1.893 -2.604 
-8.913 -8.922 -8.93 -8.937 -8.943 nan -3.819 -3.243 -2.604 -1.893 -1.103 -1.893 -2.604 -3.243 
-8.922 -8.93 -8.937 -8.943 -8.949 -8.954 nan -3.819 -3.243 -2.604 -1.893 -2.604 -3.243 -3.819 
-8.93 -8.937 -8.943 -8.949 -8.954 -8.958 -8.963 nan -3.819 -3.243 -2.604 -3.243 -3.819 -4.337 
-8.937 -8.943 -8.949 -8.954 -8.958 -8.963 -8.966 -8.97 nan -3.819 -3.243 -3.819 -4.337 -4.803 
Round31
0.0 -8.723 -8.751 nan 33.616 38.351 43.613 49.459 55.954 63.171 71.19 80.1 90.0 0.0 
-8.723 -8.751 -7.683 nan 29.355 33.616 38.351 43.613 49.459 55.954 63.171 71.19 80.1 90.0 
-8.751 -7.683 -7.537 nan 25.519 29.355 33.616 nan 43.613 49.459 55.954 63.171 71.19 80.1 
-8.776 nan -7.374 nan 22.067 25.519 29.355 25.519 nan 43.613 49.459 55.954 63.171 71.19 
-8.798 nan -7.193 nan 18.961 22.067 25.519 22.067 18.961 nan 43.613 49.459 55.954 63.171 
-8.818 nan -6.993 nan 16.164 18.961 22.067 18.961 16.164 13.648 nan 43.613 49.459 55.954 
-8.836 nan -6.77 -6.522 nan 16.164 18.961 16.164 13.648 11.383 9.345 nan 43.613 49.459 
-8.853 nan -6.522 -6.247 -5.941 nan 16.164 13.648 11.383 9.345 7.51 5.859 nan 43.613 
-8.867 nan -6.247 -5.941 -5.601 -5.223 nan 11.383 9.345 7.51 5.859 4.373 3.036 nan 
-8.881 nan -5.941 -5.601 -5.223 -4.803 -4.337 nan 7.51 5.859 4.373 3.036 1.832 0.749 
-8.893 nan -5.601 -5.223 -4.803 -4.337 -3.819 -3.243 nan 4.373 3.036 1.832 0.749 -0.226 
-8.903 -8.913 nan -4.803 -4.337 -3.819 -3.243 -2.604 -1.893 nan 1.832 0.749 -0.226 -1.103 
-8.913 -8.922 -8.93 nan -3.819 -3.243 -2.604 -1.893 -1.103 -0.226 0.749 -0.226 -1.103 -1.893 
-8.922 -8.93 -8.937 -8.943 nan -3.819 -3.243 -2.604 -1.893 -1.103 -0.226 -1.103 -1.893 -2.604 
-8.93 -8.937 -8.943 -8.949 -8.954 nan -3.819 -3.243 -2.604 -1.893 -1.103 -1.893 -2.604 -3.243 
-8.937 -8.943 -8.949 -8.954 -8.958 -8.963 nan -3.819 -3.243 -2.604 -1.893 -2.604 -3.243 -3.819 
-8.943 -8.949 -8.954 -8.958 -8.963 -8.966 -8.97 nan -3.819 -3.243 -2.604 -3.243 -3.819 -4.337 
-8.949 -8.954 -8.958 -8.963 -8.966 -8.97 -8.973 -8.975 nan -3.819 -3.243 -3.819 -4.337 -4.803 
Round32
0.0 -8.776 -7.815 nan 33.616 38.351 43.613 49.459 55.954 63.171 71.19 80.1 90.0 0.0 
-8.776 -7.815 -7.683 nan 29.355 33.616 38.351 43.613 49.459 55.954 63.171 71.19 80.1 90.0 
-7.815 -7.683 -7.537 nan 25.519 29.355 33.616 nan 43.613 49.459 55.954 63.171 71.19 80.1 
-7.933 nan -7.374 nan 22.067 25.519 29.355 25.519 nan 43.613 49.459 55.954 63.171 71.19 
-8.04 nan -7.193 nan 18.961 22.067 25.519 22.067 18.961 nan 43.613 49.459 55.954 63.171 
-8.136 nan -6.993 nan 16.164 18.961 22.067 18.961 16.164 13.648 nan 43.613 49.459 55.954 
-8.222 nan -6.77 -6.522 nan 16.164 18.961 16.164 13.648 11.383 9.345 nan 43.613 49.459 
-8.3 nan -6.522 -6.247 -5.941 nan 16.164 13.648 11.383 9.345 7.51 5.859 nan 43.613 
-8.37 nan -6.247 -5.941 -5.601 -5.223 nan 11.383 9.345 7.51 5.859 4.373 3.036 nan 
-8.433 nan -5.941 -5.601 -5.223 -4.803 -4.337 nan 7.51 5.859 4.373 3.036 1.832 0.749 
-8.49 nan -5.601 -5.223 -4.803 -4.337 -3.819 -3.243 nan 4.373 3.036 1.832 0.749 -0.226 
-8.541 -8.587 nan -4.803 -4.337 -3.819 -3.243 -2.604 -1.893 nan 1.832 0.749 -0.226 -1.103 
-8.587 -8.628 -8.665 nan -3.819 -3.243 -2.604 -1.893 -1.103 -0.226 0.749 -0.226 -1.103 -1.893 
-8.628 -8.665 -8.699 -8.729 nan -3.819 -3.243 -2.604 -1.893 -1.103 -0.226 -1.103 -1.893 -2.604 
-8.665 -8.699 -8.729 -8.756 -8.78 nan -3.819 -3.243 -2.604 -1.893 -1.103 -1.893 -2.604 -3.243 
-8.699 -8.729 -8.756 -8.78 -8.802 -8.822 nan -3.819 -3.243 -2.604 -1.893 -2.604 -3.243 -3.819 
-8.729 -8.756 -8.78 -8.802 -8.822 -8.84 -8.856 nan -3.819 -3.243 -2.604 -3.243 -3.819 -4.337 
-8.756 -8.78 -8.802 -8.822 -8.84 -8.856 -8.87 -8.883 nan -3.819 -3.243 -3.819 -4.337 -4.803 
Round33
0.0 -7.933 -7.815 nan 33.616 38.351 43.613 49.459 55.954 63.171 71.19 80.1 90.0 0.0 
-7.933 -7.815 -7.683 nan 29.355 33.616 38.351 43.613 49.459 55.954 63.171 71.19 80.1 90.0 
-7.815 -7.683 -7.537 nan 25.519 29.355 33.616 nan 43.613 49.459 55.954 63.171 71.19 80.1 
-7.933 nan -7.374 nan 22.067 25.519 29.355 25.519 nan 43.613 49.459 55.954 63.171 71.19 
-8.04 nan -7.193 nan 18.961 22.067 25.519 22.067 18.961 nan 43.613 49.459 55.954 63.171 
-8.136 nan -6.993 nan 16.164 18.961 22.067 18.961 16.164 13.648 nan 43.613 49.459 55.954 
-8.222 nan -6.77 -6.522 nan 16.164 18.961 16.164 13.648 11.383 9.345 nan 43.613 49.459 
-8.3 nan -6.522 -6.247 -5.941 nan 16.164 13.648 11.383 9.345 7.51 5.859 nan 43.613 
-8.37 nan -6.247 -5.941 -5.601 -5.223 nan 11.383 9.345 7.51 5.859 4.373 3.036 nan 
-8.433 nan -5.941 -5.601 -5.223 -4.803 -4.337 nan 7.51 5.859 4.373 3.036 1.832 0.749 
-8.49 nan -5.601 -5.223 -4.803 -4.337 -3.819 -3.243 nan 4.373 3.036 1.832 0.749 -0.226 
-8.541 -8.587 nan -4.803 -4.337 -3.819 -3.243 -2.604 -1.893 nan 1.832 0.749 -0.226 -1.103 
-8.587 -8.628 -8.665 nan -3.819 -3.243 -2.604 -1.893 -1.103 -0.226 0.749 -0.226 -1.103 -1.893 
-8.628 -8.665 -8.699 -8.729 nan -3.819 -3.243 -2.604 -1.893 -1.103 -0.226 -1.103 -1.893 -2.604 
-8.665 -8.699 -8.729 -8.756 -8.78 nan -3.819 -3.243 -2.604 -1.893 -1.103 -1.893 -2.604 -3.243 
-8.699 -8.729 -8.756 -8.78 -8.802 -8.822 nan -3.819 -3.243 -2.604 -1.893 -2.604 -3.243 -3.819 
-8.729 -8.756 -8.78 -8.802 -8.822 -8.84 -8.856 nan -3.819 -3.243 -2.604 -3.243 -3.819 -4.337 
-8.756 -8.78 -8.802 -8.822 -8.84 -8.856 -8.87 -8.883 nan -3.819 -3.243 -3.819 -4.337 -4.803 
