Round1
-1.0 -1.0 nan -1.0 -1.0 -1.0 -1.0 -1.0 20.0 
-1.0 -1.0 nan -1.0 -1.0 -1.0 -1.0 -1.0 -1.0 
-1.0 -1.0 nan -1.0 -1.0 -1.0 -1.0 -1.0 -1.0 
-1.0 -1.0 nan -1.0 nan nan nan nan nan 
-1.0 -1.0 nan -1.0 -1.0 -1.0 -1.0 -1.0 -1.0 
-1.0 -1.0 nan -1.0 -1.0 -1.0 -1.0 -1.0 -1.0 
-1.0 -1.0 nan -1.0 -1.0 -1.0 -1.0 -1.0 -1.0 
-1.0 -1.0 -1.0 -1.0 -1.0 -1.0 -1.0 -1.0 -1.0 
-1.0 -1.0 -1.0 -1.0 -1.0 -1.0 -1.0 -1.0 -20.0 
Round2
-1.0 -1.0 nan -1.0 -1.0 -1.0 -1.0 -1.0 20.0 
-1.0 -1.0 nan -1.0 -1.0 -1.0 -1.0 -1.0 -1.0 
-1.0 -1.0 nan -1.0 -1.0 -1.0 -1.0 -1.0 -1.0 
-1.0 -1.0 nan -1.0 nan nan nan nan nan 
-1.0 -1.0 nan -1.0 -1.0 -1.0 -1.0 -1.0 -1.0 
-1.0 -1.0 nan -1.0 -1.0 -1.0 -1.0 -1.0 -1.0 
-1.0 -1.0 nan -1.0 -1.0 -1.0 -1.0 -1.0 -1.0 
-1.0 -1.0 -1.0 -1.0 -1.0 -1.0 -1.0 -1.0 -1.0 
-1.0 -1.0 -1.0 -1.0 -1.0 -1.0 -1.0 -1.0 -20.0 
Round3
-1.0 -1.0 nan -1.0 -1.0 -1.0 -1.0 -1.0 20.0 
-1.0 -1.0 nan -1.0 -1.0 -1.0 -1.0 -1.0 -1.0 
-1.0 -1.0 nan -1.0 -1.0 -1.0 -1.0 -1.0 -1.0 
-1.0 -1.0 nan -1.0 nan nan nan nan nan 
-1.0 -1.0 nan -1.0 -1.0 -1.0 -1.0 -1.0 -1.0 
-1.0 -1.0 nan -1.0 -1.0 -1.0 -1.0 -1.0 -1.0 
-1.0 -1.0 nan -1.0 -1.0 -1.0 -1.0 -1.0 -1.0 
-1.0 -1.0 -1.0 -1.0 -1.0 -1.0 -1.0 -1.0 -1.0 
-1.0 -1.0 -1.0 -1.0 -1.0 -1.0 -1.0 -1.0 -20.0 
Round4
-1.0 -1.0 nan -1.0 -1.0 -1.0 -1.0 -1.0 20.0 
-1.0 -1.0 nan -1.0 -1.0 -1.0 -1.0 -1.0 -1.0 
-1.0 -1.0 nan -1.0 -1.0 -1.0 -1.0 -1.0 -1.0 
-1.0 -1.0 nan -1.0 nan nan nan nan nan 
-1.0 -1.0 nan -1.0 -1.0 -1.0 -1.0 -1.0 -1.0 
-1.0 -1.0 nan -1.0 -1.0 -1.0 -1.0 -1.0 -1.0 
-1.0 -1.0 nan -1.0 -1.0 -1.0 -1.0 -1.0 -1.0 
-1.0 -1.0 -1.0 -1.0 -1.0 -1.0 -1.0 -1.0 -1.0 
-1.0 -1.0 -1.0 -1.0 -1.0 -1.0 -1.0 -1.0 -20.0 
Round5
-1.0 -1.0 nan -1.0 -1.0 -1.0 -1.0 -1.0 20.0 
-1.0 -1.0 nan -1.0 -1.0 -1.0 -1.0 -1.0 -1.0 
-1.0 -1.0 nan -1.0 -1.0 -1.0 -1.0 -1.0 -1.0 
-1.0 -1.0 nan -1.0 nan nan nan nan nan 
-1.0 -1.0 nan -1.0 -1.0 -1.0 -1.0 -1.0 -1.0 
-1.0 -1.0 nan -1.0 -1.0 -1.0 -1.0 -1.0 -1.0 
-1.0 -1.0 nan -1.0 -1.0 -1.0 -1.0 -1.0 -1.0 
-1.0 -1.0 -1.0 -1.0 -1.0 -1.0 -1.0 -1.0 -1.0 
-1.0 -1.0 -1.0 -1.0 -1.0 -1.0 -1.0 -1.0 -20.0 
Round6
-1.0 -1.0 nan -1.0 -1.0 -1.0 -1.0 -1.0 20.0 
-1.0 -1.0 nan -1.0 -1.0 -1.0 -1.0 -1.0 -1.0 
-1.0 -1.0 nan -1.0 -1.0 -1.0 -1.0 -1.0 -1.0 
-1.0 -1.0 nan -1.0 nan nan nan nan nan 
-1.0 -1.0 nan -1.0 -1.0 -1.0 -1.0 -1.0 -1.0 
-1.0 -1.0 nan -1.0 -1.0 -1.0 -1.0 -1.0 -1.0 
-1.0 -1.0 nan -1.0 -1.0 -1.0 -1.0 -1.0 -1.0 
-1.0 -1.0 -1.0 -1.0 -1.0 -1.0 -1.0 -1.0 -1.0 
-1.0 -1.0 -1.0 -1.0 -1.0 -1.0 -1.0 -1.0 -20.0 
Round7
-1.0 -1.0 nan -1.0 -1.0 -1.0 -1.0 -1.0 20.0 
-1.0 -1.0 nan -1.0 -1.0 -1.0 -1.0 -1.0 -1.0 
-1.0 -1.0 nan -1.0 -1.0 -1.0 -1.0 -1.0 -1.0 
-1.0 -1.0 nan -1.0 nan nan nan nan nan 
-1.0 -1.0 nan -1.0 -1.0 -1.0 -1.0 -1.0 -1.0 
-1.0 -1.0 nan -1.0 -1.0 -1.0 -1.0 -1.0 -1.0 
-1.0 -1.0 nan -1.0 -1.0 -1.0 -1.0 -1.0 -1.0 
-1.0 -1.0 -1.0 -1.0 -1.0 -1.0 -1.0 -1.0 -1.0 
-1.0 -1.0 -1.0 -1.0 -1.0 -1.0 -1.0 -1.0 -20.0 
Round8
-1.0 -1.0 nan -1.0 -1.0 -1.0 -1.0 -1.0 20.0 
-1.0 -1.0 nan -1.0 -1.0 -1.0 -1.0 -1.0 -1.0 
-1.0 -1.0 nan -1.0 -1.0 -1.0 -1.0 -1.0 -1.0 
-1.0 -1.0 nan -1.0 nan nan nan nan nan 
-1.0 -1.0 nan -1.0 -1.0 -1.0 -1.0 -1.0 -1.0 
-1.0 -1.0 nan -1.0 -1.0 -1.0 -1.0 -1.0 -1.0 
-1.0 -1.0 nan -1.0 -1.0 -1.0 -1.0 -1.0 -1.0 
-1.0 -1.0 -1.0 -1.0 -1.0 -1.0 -1.0 -1.0 -1.0 
-1.0 -1.0 -1.0 -1.0 -1.0 -1.0 -1.0 -1.0 -20.0 
Round9
-1.0 -1.0 nan -1.0 -1.0 -1.0 -1.0 -1.0 20.0 
-1.0 -1.0 nan -1.0 -1.0 -1.0 -1.0 -1.0 -1.0 
-1.0 -1.0 nan -1.0 -1.0 -1.0 -1.0 -1.0 -1.0 
-1.0 -1.0 nan -1.0 nan nan nan nan nan 
-1.0 -1.0 nan -1.0 -1.0 -1.0 -1.0 -1.0 -1.0 
-1.0 -1.0 nan -1.0 -1.0 -1.0 -1.0 -1.0 -1.0 
-1.0 -1.0 nan -1.0 -1.0 -1.0 -1.0 -1.0 -1.0 
-1.0 -1.0 -1.0 -1.0 -1.0 -1.0 -1.0 -1.0 -1.0 
-1.0 -1.0 -1.0 -1.0 -1.0 -1.0 -1.0 -1.0 -20.0 
Round10
-1.0 -1.0 nan -1.0 -1.0 -1.0 -1.0 -1.0 20.0 
-1.0 -1.0 nan -1.0 -1.0 -1.0 -1.0 -1.0 -1.0 
-1.0 -1.0 nan -1.0 -1.0 -1.0 -1.0 -1.0 -1.0 
-1.0 -1.0 nan -1.0 nan nan nan nan nan 
-1.0 -1.0 nan -1.0 -1.0 -1.0 -1.0 -1.0 -1.0 
-1.0 -1.0 nan -1.0 -1.0 -1.0 -1.0 -1.0 -1.0 
-1.0 -1.0 nan -1.0 -1.0 -1.0 -1.0 -1.0 -1.0 
-1.0 -1.0 -1.0 -1.0 -1.0 -1.0 -1.0 -1.0 -1.0 
-1.0 -1.0 -1.0 -1.0 -1.0 -1.0 -1.0 -1.0 -20.0 
Round11
-1.0 -1.0 nan -1.0 -1.0 -1.0 -1.0 -1.0 20.0 
-1.0 -1.0 nan -1.0 -1.0 -1.0 -1.0 -1.0 -1.0 
-1.0 -1.0 nan -1.0 -1.0 -1.0 -1.0 -1.0 -1.0 
-1.0 -1.0 nan -1.0 nan nan nan nan nan 
-1.0 -1.0 nan -1.0 -1.0 -1.0 -1.0 -1.0 -1.0 
-1.0 -1.0 nan -1.0 -1.0 -1.0 -1.0 -1.0 -1.0 
-1.0 -1.0 nan -1.0 -1.0 -1.0 -1.0 -1.0 -1.0 
-1.0 -1.0 -1.0 -1.0 -1.0 -1.0 -1.0 -1.0 -1.0 
-1.0 -1.0 -1.0 -1.0 -1.0 -1.0 -1.0 -1.0 -20.0 
Round12
-1.0 -1.0 nan -1.0 -1.0 -1.0 -1.0 -1.0 20.0 
-1.0 -1.0 nan -1.0 -1.0 -1.0 -1.0 -1.0 -1.0 
-1.0 -1.0 nan -1.0 -1.0 -1.0 -1.0 -1.0 -1.0 
-1.0 -1.0 nan -1.0 nan nan nan nan nan 
-1.0 -1.0 nan -1.0 -1.0 -1.0 -1.0 -1.0 -1.0 
-1.0 -1.0 nan -1.0 -1.0 -1.0 -1.0 -1.0 -1.0 
-1.0 -1.0 nan -1.0 -1.0 -1.0 -1.0 -1.0 -1.0 
-1.0 -1.0 -1.0 -1.0 -1.0 -1.0 -1.0 -1.0 -1.0 
-1.0 -1.0 -1.0 -1.0 -1.0 -1.0 -1.0 -1.0 -20.0 
Round13
-1.0 -1.0 nan -1.0 -1.0 -1.0 -1.0 -1.0 20.0 
-1.0 -1.0 nan -1.0 -1.0 -1.0 -1.0 -1.0 -1.0 
-1.0 -1.0 nan -1.0 -1.0 -1.0 -1.0 -1.0 -1.0 
-1.0 -1.0 nan -1.0 nan nan nan nan nan 
-1.0 -1.0 nan -1.0 -1.0 -1.0 -1.0 -1.0 -1.0 
-1.0 -1.0 nan -1.0 -1.0 -1.0 -1.0 -1.0 -1.0 
-1.0 -1.0 nan -1.0 -1.0 -1.0 -1.0 -1.0 -1.0 
-1.0 -1.0 -1.0 -1.0 -1.0 -1.0 -1.0 -1.0 -1.0 
-1.0 -1.0 -1.0 -1.0 -1.0 -1.0 -1.0 -1.0 -20.0 
Round14
-1.0 -1.0 nan -1.0 -1.0 -1.0 -1.0 -1.0 20.0 
-1.0 -1.0 nan -1.0 -1.0 -1.0 -1.0 -1.0 -1.0 
-1.0 -1.0 nan -1.0 -1.0 -1.0 -1.0 -1.0 -1.0 
-1.0 -1.0 nan -1.0 nan nan nan nan nan 
-1.0 -1.0 nan -1.0 -1.0 -1.0 -1.0 -1.0 -1.0 
-1.0 -1.0 nan -1.0 -1.0 -1.0 -1.0 -1.0 -1.0 
-1.0 -1.0 nan -1.0 -1.0 -1.0 -1.0 -1.0 -1.0 
-1.0 -1.0 -1.0 -1.0 -1.0 -1.0 -1.0 -1.0 -1.0 
-1.0 -1.0 -1.0 -1.0 -1.0 -1.0 -1.0 -1.0 -20.0 
Round15
-1.0 -1.0 nan -1.0 -1.0 -1.0 -1.0 -1.0 20.0 
-1.0 -1.0 nan -1.0 -1.0 -1.0 -1.0 -1.0 -1.0 
-1.0 -1.0 nan -1.0 -1.0 -1.0 -1.0 -1.0 -1.0 
-1.0 -1.0 nan -1.0 nan nan nan nan nan 
-1.0 -1.0 nan -1.0 -1.0 -1.0 -1.0 -1.0 -1.0 
-1.0 -1.0 nan -1.0 -1.0 -1.0 -1.0 -1.0 -1.0 
-1.0 -1.0 nan -1.0 -1.0 -1.0 -1.0 -1.0 -1.0 
-1.0 -1.0 -1.0 -1.0 -1.0 -1.0 -1.0 -1.0 -1.0 
-1.0 -1.0 -1.0 -1.0 -1.0 -1.0 -1.0 -1.0 -20.0 
Round16
-1.0 -1.0 nan -1.0 -1.0 -1.0 -1.0 -1.0 20.0 
-1.0 -1.0 nan -1.0 -1.0 -1.0 -1.0 -1.0 -1.0 
-1.0 -1.0 nan -1.0 -1.0 -1.0 -1.0 -1.0 -1.0 
-1.0 -1.0 nan -1.0 nan nan nan nan nan 
-1.0 -1.0 nan -1.0 -1.0 -1.0 -1.0 -1.0 -1.0 
-1.0 -1.0 nan -1.0 -1.0 -1.0 -1.0 -1.0 -1.0 
-1.0 -1.0 nan -1.0 -1.0 -1.0 -1.0 -1.0 -1.0 
-1.0 -1.0 -1.0 -1.0 -1.0 -1.0 -1.0 -1.0 -1.0 
-1.0 -1.0 -1.0 -1.0 -1.0 -1.0 -1.0 -1.0 -20.0 
Round17
-1.0 -1.0 nan -1.0 -1.0 -1.0 -1.0 -1.0 20.0 
-1.0 -1.0 nan -1.0 -1.0 -1.0 -1.0 -1.0 -1.0 
-1.0 -1.0 nan -1.0 -1.0 -1.0 -1.0 -1.0 -1.0 
-1.0 -1.0 nan -1.0 nan nan nan nan nan 
-1.0 -1.0 nan -1.0 -1.0 -1.0 -1.0 -1.0 -1.0 
-1.0 -1.0 nan -1.0 -1.0 -1.0 -1.0 -1.0 -1.0 
-1.0 -1.0 nan -1.0 -1.0 -1.0 -1.0 -1.0 -1.0 
-1.0 -1.0 -1.0 -1.0 -1.0 -1.0 -1.0 -1.0 -1.0 
-1.0 -1.0 -1.0 -1.0 -1.0 -1.0 -1.0 -1.0 -20.0 
