Round1
-0.26 -1.134 nan -0.344 0.459 -0.486 -1.338 18.0 0.0 
-1.134 -1.921 nan -0.05 0.41 -1.338 -2.104 15.3 18.0 
-1.921 0.019 nan 0.41 -0.531 -1.378 -2.794 0.138 15.3 
0.019 0.198 nan -0.531 nan nan nan nan nan 
0.198 -0.722 nan -1.378 -2.14 -0.442 -1.298 -2.068 -2.761 
-0.722 -1.55 nan -2.14 -0.442 0.465 -0.17 -2.761 -3.385 
-0.163 -1.047 nan -2.826 0.465 -0.17 -1.053 -1.848 -1.595 
0.437 0.352 -1.133 -0.781 -0.197 0.891 -1.848 -0.797 -1.617 
0.352 -0.583 -1.425 -2.182 0.891 -0.098 -0.988 -1.617 0.0 
Round2
-1.921 -2.629 nan -0.486 -0.531 -1.378 15.3 18.0 0.0 
-2.629 -0.883 nan -0.531 -1.378 -2.14 12.87 15.3 18.0 
-0.883 -0.722 nan -1.378 -2.14 -2.826 -0.776 12.87 15.3 
-0.722 -1.55 nan -2.14 nan nan nan nan nan 
-1.55 -2.295 nan -2.826 -1.298 -0.482 -1.053 -1.848 -2.563 
-2.295 -2.965 nan -1.298 -0.482 -1.053 -1.848 -2.563 -2.336 
-0.507 -0.583 nan -0.482 -1.053 -0.098 -2.563 -1.617 -2.355 
-0.583 -1.425 -2.182 -1.077 -0.098 -0.988 -1.789 -2.355 -3.02 
-1.425 -2.182 -2.864 -0.098 -0.988 -1.789 -2.51 -3.02 0.0 
Round3
-3.266 -1.695 nan -1.378 -2.14 12.87 15.3 18.0 0.0 
-1.695 -1.55 nan -2.14 -2.826 10.683 12.87 15.3 18.0 
-1.55 -2.295 nan -2.826 -3.444 -1.598 10.683 12.87 15.3 
-2.295 -2.965 nan -3.444 nan nan nan nan nan 
-2.965 -3.569 nan -2.068 -1.334 -1.848 -2.563 -3.207 -3.786 
-1.356 -1.425 nan -1.334 -1.848 -0.988 -3.207 -2.355 -3.02 
-1.425 -2.182 nan -1.848 -0.988 -1.789 -2.51 -3.02 -3.618 
-2.182 -2.864 -1.87 -0.988 -1.789 -2.51 -3.159 -3.618 -4.156 
-2.864 -3.477 -0.988 -1.789 -2.51 -3.159 -3.743 -4.156 0.0 
Round4
-2.425 -2.295 nan -2.826 10.683 12.87 15.3 18.0 0.0 
-2.295 -2.965 nan -3.444 8.715 10.683 12.87 15.3 18.0 
-2.965 -3.569 nan -3.999 -2.338 8.715 10.683 12.87 15.3 
-3.569 -4.112 nan -2.761 nan nan nan nan nan 
-2.12 -2.182 nan -2.1 -2.563 -1.789 -2.51 -3.02 -3.618 
-2.182 -2.864 nan -2.563 -1.789 -2.51 -3.159 -3.618 -4.156 
-2.864 -3.477 nan -1.789 -2.51 -3.159 -3.743 -4.156 -4.64 
-3.477 -2.583 -1.789 -2.51 -3.159 -3.743 -4.269 -4.64 -5.076 
-4.03 -1.789 -2.51 -3.159 -3.743 -4.269 -4.742 -5.076 0.0 
Round5
-2.965 -3.569 nan 8.715 10.683 12.87 15.3 18.0 0.0 
-3.569 -4.112 nan 6.943 8.715 10.683 12.87 15.3 18.0 
-4.112 -4.601 nan -3.004 6.943 8.715 10.683 12.87 15.3 
-2.808 -2.864 nan -2.79 nan nan nan nan nan 
-2.864 -3.477 nan -3.207 -2.51 -3.159 -3.743 -4.269 -4.742 
-3.477 -4.03 nan -2.51 -3.159 -3.743 -4.269 -4.742 -5.168 
-4.03 -3.224 nan -3.159 -3.743 -4.269 -4.742 -5.168 -5.551 
-3.224 -2.51 -3.159 -3.743 -4.269 -4.742 -5.168 -5.551 -5.896 
-2.51 -3.159 -3.743 -4.269 -4.742 -5.168 -5.551 -5.896 0.0 
Round6
-4.112 -4.601 nan 8.715 10.683 12.87 15.3 18.0 0.0 
-4.601 -5.041 nan 6.943 8.715 10.683 12.87 15.3 18.0 
-3.428 -3.477 nan 5.349 6.943 8.715 10.683 12.87 15.3 
-3.477 -4.03 nan 3.914 nan nan nan nan nan 
-4.03 -4.527 nan -3.159 -3.743 -4.269 -4.742 -5.168 -5.551 
-4.527 -3.802 nan -3.743 -4.269 -4.742 -5.168 -5.551 -5.896 
-3.802 -3.159 nan -4.269 -4.742 -5.168 -5.551 -5.896 -6.206 
-3.159 -3.743 -4.269 -4.742 -5.168 -5.551 -5.896 -6.206 -6.486 
-3.743 -4.269 -4.742 -5.168 -5.551 -5.896 -6.206 -6.486 0.0 
Round7
-5.041 -5.437 nan 8.715 10.683 12.87 15.3 18.0 0.0 
-3.985 -4.03 nan 6.943 8.715 10.683 12.87 15.3 18.0 
-4.03 -4.527 nan 5.349 6.943 8.715 10.683 12.87 15.3 
-4.527 -4.974 nan 3.914 nan nan nan nan nan 
-4.974 -4.322 nan 2.623 1.46 0.414 -0.527 -1.374 -2.137 
-4.322 -3.743 nan 1.46 0.414 -0.527 -1.374 -2.137 -2.823 
-3.743 -4.269 nan 0.414 -0.527 -1.374 -2.137 -2.823 -3.441 
-4.269 -4.742 -5.168 -0.527 -1.374 -2.137 -2.823 -3.441 -3.997 
-4.742 -5.168 -5.551 -1.374 -2.137 -2.823 -3.441 -3.997 0.0 
Round8
-4.486 -4.527 nan 8.715 10.683 12.87 15.3 18.0 0.0 
-4.527 -4.974 nan 6.943 8.715 10.683 12.87 15.3 18.0 
-4.974 -5.377 nan 5.349 6.943 8.715 10.683 12.87 15.3 
-5.377 -4.79 nan 3.914 nan nan nan nan nan 
-4.79 -4.269 nan 2.623 1.46 0.414 -0.527 -1.374 -2.137 
-4.269 -4.742 nan 1.46 0.414 -0.527 -1.374 -2.137 -2.823 
-4.742 -5.168 nan 0.414 -0.527 -1.374 -2.137 -2.823 -3.441 
-5.168 -5.551 -1.374 -0.527 -1.374 -2.137 -2.823 -3.441 -3.997 
-5.551 -5.896 -2.137 -1.374 -2.137 -2.823 -3.441 -3.997 0.0 
Round9
-4.974 -5.377 nan 8.715 10.683 12.87 15.3 18.0 0.0 
-5.377 -5.739 nan 6.943 8.715 10.683 12.87 15.3 18.0 
-5.739 -5.211 nan 5.349 6.943 8.715 10.683 12.87 15.3 
-5.211 -4.742 nan 3.914 nan nan nan nan nan 
-4.742 -5.168 nan 2.623 1.46 0.414 -0.527 -1.374 -2.137 
-5.168 -5.551 nan 1.46 0.414 -0.527 -1.374 -2.137 -2.823 
-5.551 -5.896 nan 0.414 -0.527 -1.374 -2.137 -2.823 -3.441 
-5.896 -2.137 -1.374 -0.527 -1.374 -2.137 -2.823 -3.441 -3.997 
-6.206 -2.823 -2.137 -1.374 -2.137 -2.823 -3.441 -3.997 0.0 
Round10
-5.739 -6.065 nan 8.715 10.683 12.87 15.3 18.0 0.0 
-6.065 -5.59 nan 6.943 8.715 10.683 12.87 15.3 18.0 
-5.59 -5.168 nan 5.349 6.943 8.715 10.683 12.87 15.3 
-5.168 -5.551 nan 3.914 nan nan nan nan nan 
-5.551 -5.896 nan 2.623 1.46 0.414 -0.527 -1.374 -2.137 
-5.896 -6.206 nan 1.46 0.414 -0.527 -1.374 -2.137 -2.823 
-6.206 -2.823 nan 0.414 -0.527 -1.374 -2.137 -2.823 -3.441 
-2.823 -2.137 -1.374 -0.527 -1.374 -2.137 -2.823 -3.441 -3.997 
-3.441 -2.823 -2.137 -1.374 -2.137 -2.823 -3.441 -3.997 0.0 
Round11
-6.359 -5.931 nan 8.715 10.683 12.87 15.3 18.0 0.0 
-5.931 -5.551 nan 6.943 8.715 10.683 12.87 15.3 18.0 
-5.551 -5.896 nan 5.349 6.943 8.715 10.683 12.87 15.3 
-5.896 -6.206 nan 3.914 nan nan nan nan nan 
-6.206 -6.486 nan 2.623 1.46 0.414 -0.527 -1.374 -2.137 
-6.486 -3.441 nan 1.46 0.414 -0.527 -1.374 -2.137 -2.823 
-3.441 -2.823 nan 0.414 -0.527 -1.374 -2.137 -2.823 -3.441 
-2.823 -2.137 -1.374 -0.527 -1.374 -2.137 -2.823 -3.441 -3.997 
-3.441 -2.823 -2.137 -1.374 -2.137 -2.823 -3.441 -3.997 0.0 
Round12
-6.238 -5.896 nan 8.715 10.683 12.87 15.3 18.0 0.0 
-5.896 -6.206 nan 6.943 8.715 10.683 12.87 15.3 18.0 
-6.206 -6.486 nan 5.349 6.943 8.715 10.683 12.87 15.3 
-6.486 -6.737 nan 3.914 nan nan nan nan nan 
-6.737 -3.997 nan 2.623 1.46 0.414 -0.527 -1.374 -2.137 
-3.997 -3.441 nan 1.46 0.414 -0.527 -1.374 -2.137 -2.823 
-3.441 -2.823 nan 0.414 -0.527 -1.374 -2.137 -2.823 -3.441 
-2.823 -2.137 -1.374 -0.527 -1.374 -2.137 -2.823 -3.441 -3.997 
-3.441 -2.823 -2.137 -1.374 -2.137 -2.823 -3.441 -3.997 0.0 
Round13
-6.206 -6.486 nan 8.715 10.683 12.87 15.3 18.0 0.0 
-6.486 -6.737 nan 6.943 8.715 10.683 12.87 15.3 18.0 
-6.737 -6.964 nan 5.349 6.943 8.715 10.683 12.87 15.3 
-6.964 -4.497 nan 3.914 nan nan nan nan nan 
-4.497 -3.997 nan 2.623 1.46 0.414 -0.527 -1.374 -2.137 
-3.997 -3.441 nan 1.46 0.414 -0.527 -1.374 -2.137 -2.823 
-3.441 -2.823 nan 0.414 -0.527 -1.374 -2.137 -2.823 -3.441 
-2.823 -2.137 -1.374 -0.527 -1.374 -2.137 -2.823 -3.441 -3.997 
-3.441 -2.823 -2.137 -1.374 -2.137 -2.823 -3.441 -3.997 0.0 
Round14
-6.737 -6.964 nan 8.715 10.683 12.87 15.3 18.0 0.0 
-6.964 -7.167 nan 6.943 8.715 10.683 12.87 15.3 18.0 
-7.167 -4.947 nan 5.349 6.943 8.715 10.683 12.87 15.3 
-4.947 -4.497 nan 3.914 nan nan nan nan nan 
-4.497 -3.997 nan 2.623 1.46 0.414 -0.527 -1.374 -2.137 
-3.997 -3.441 nan 1.46 0.414 -0.527 -1.374 -2.137 -2.823 
-3.441 -2.823 nan 0.414 -0.527 -1.374 -2.137 -2.823 -3.441 
-2.823 -2.137 -1.374 -0.527 -1.374 -2.137 -2.823 -3.441 -3.997 
-3.441 -2.823 -2.137 -1.374 -2.137 -2.823 -3.441 -3.997 0.0 
Round15
-7.167 -7.35 nan 8.715 10.683 12.87 15.3 18.0 0.0 
-7.35 -5.353 nan 6.943 8.715 10.683 12.87 15.3 18.0 
-5.353 -4.947 nan 5.349 6.943 8.715 10.683 12.87 15.3 
-4.947 -4.497 nan 3.914 nan nan nan nan nan 
-4.497 -3.997 nan 2.623 1.46 0.414 -0.527 -1.374 -2.137 
-3.997 -3.441 nan 1.46 0.414 -0.527 -1.374 -2.137 -2.823 
-3.441 -2.823 nan 0.414 -0.527 -1.374 -2.137 -2.823 -3.441 
-2.823 -2.137 -1.374 -0.527 -1.374 -2.137 -2.823 -3.441 -3.997 
-3.441 -2.823 -2.137 -1.374 -2.137 -2.823 -3.441 -3.997 0.0 
Round16
-7.515 -5.717 nan 8.715 10.683 12.87 15.3 18.0 0.0 
-5.717 -5.353 nan 6.943 8.715 10.683 12.87 15.3 18.0 
-5.353 -4.947 nan 5.349 6.943 8.715 10.683 12.87 15.3 
-4.947 -4.497 nan 3.914 nan nan nan nan nan 
-4.497 -3.997 nan 2.623 1.46 0.414 -0.527 -1.374 -2.137 
-3.997 -3.441 nan 1.46 0.414 -0.527 -1.374 -2.137 -2.823 
-3.441 -2.823 nan 0.414 -0.527 -1.374 -2.137 -2.823 -3.441 
-2.823 -2.137 -1.374 -0.527 -1.374 -2.137 -2.823 -3.441 -3.997 
-3.441 -2.823 -2.137 -1.374 -2.137 -2.823 -3.441 -3.997 0.0 
Round17
-6.046 -5.717 nan 8.715 10.683 12.87 15.3 18.0 0.0 
-5.717 -5.353 nan 6.943 8.715 10.683 12.87 15.3 18.0 
-5.353 -4.947 nan 5.349 6.943 8.715 10.683 12.87 15.3 
-4.947 -4.497 nan 3.914 nan nan nan nan nan 
-4.497 -3.997 nan 2.623 1.46 0.414 -0.527 -1.374 -2.137 
-3.997 -3.441 nan 1.46 0.414 -0.527 -1.374 -2.137 -2.823 
-3.441 -2.823 nan 0.414 -0.527 -1.374 -2.137 -2.823 -3.441 
-2.823 -2.137 -1.374 -0.527 -1.374 -2.137 -2.823 -3.441 -3.997 
-3.441 -2.823 -2.137 -1.374 -2.137 -2.823 -3.441 -3.997 0.0 
