Round1
-1.0 -1.0 nan -1.0 10.0 
-1.0 -1.0 nan -1.0 -1.0 
-1.0 -1.0 nan -1.0 -1.0 
-1.0 -1.0 -1.0 -1.0 -1.0 
-1.0 -1.0 -1.0 -1.0 -10.0 
Round2
-1.0 -1.0 nan -1.0 10.0 
-1.0 -1.0 nan -1.0 -1.0 
-1.0 -1.0 nan -1.0 -1.0 
-1.0 -1.0 -1.0 -1.0 -1.0 
-1.0 -1.0 -1.0 -1.0 -10.0 
Round3
-1.0 -1.0 nan -1.0 10.0 
-1.0 -1.0 nan -1.0 -1.0 
-1.0 -1.0 nan -1.0 -1.0 
-1.0 -1.0 -1.0 -1.0 -1.0 
-1.0 -1.0 -1.0 -1.0 -10.0 
Round4
-1.0 -1.0 nan -1.0 10.0 
-1.0 -1.0 nan -1.0 -1.0 
-1.0 -1.0 nan -1.0 -1.0 
-1.0 -1.0 -1.0 -1.0 -1.0 
-1.0 -1.0 -1.0 -1.0 -10.0 
Round5
-1.0 -1.0 nan -1.0 10.0 
-1.0 -1.0 nan -1.0 -1.0 
-1.0 -1.0 nan -1.0 -1.0 
-1.0 -1.0 -1.0 -1.0 -1.0 
-1.0 -1.0 -1.0 -1.0 -10.0 
Round6
-1.0 -1.0 nan -1.0 10.0 
-1.0 -1.0 nan -1.0 -1.0 
-1.0 -1.0 nan -1.0 -1.0 
-1.0 -1.0 -1.0 -1.0 -1.0 
-1.0 -1.0 -1.0 -1.0 -10.0 
Round7
-1.0 -1.0 nan -1.0 10.0 
-1.0 -1.0 nan -1.0 -1.0 
-1.0 -1.0 nan -1.0 -1.0 
-1.0 -1.0 -1.0 -1.0 -1.0 
-1.0 -1.0 -1.0 -1.0 -10.0 
Round8
-1.0 -1.0 nan -1.0 10.0 
-1.0 -1.0 nan -1.0 -1.0 
-1.0 -1.0 nan -1.0 -1.0 
-1.0 -1.0 -1.0 -1.0 -1.0 
-1.0 -1.0 -1.0 -1.0 -10.0 
Round9
-1.0 -1.0 nan -1.0 10.0 
-1.0 -1.0 nan -1.0 -1.0 
-1.0 -1.0 nan -1.0 -1.0 
-1.0 -1.0 -1.0 -1.0 -1.0 
-1.0 -1.0 -1.0 -1.0 -10.0 
