Round1
0.771 -0.313 nan 9.0 0.0 
0.175 -1.181 nan -0.213 9.0 
-0.706 -1.535 nan -0.444 -0.09 
-1.535 0.013 -0.444 -1.3 -2.07 
-2.282 -0.602 -1.3 -2.07 0.0 
Round2
-0.743 -1.569 nan 9.0 0.0 
-1.569 -2.312 nan 7.2 9.0 
-2.312 -0.888 nan -0.981 7.2 
-0.888 -1.3 -2.07 -1.783 5.58 
-1.442 -2.07 -2.763 -2.505 0.0 
Round3
-2.312 -2.981 nan 9.0 0.0 
-2.981 -1.699 nan 7.2 9.0 
-1.699 -2.07 nan 5.58 7.2 
-2.07 -2.763 -3.386 4.122 5.58 
-2.763 -3.386 -3.948 2.81 0.0 
Round4
-3.583 -2.429 nan 9.0 0.0 
-2.429 -2.763 nan 7.2 9.0 
-2.763 -3.386 nan 5.58 7.2 
-3.386 -3.948 2.81 4.122 5.58 
-3.948 -4.453 1.629 2.81 0.0 
Round5
-3.086 -3.386 nan 9.0 0.0 
-3.386 -3.948 nan 7.2 9.0 
-3.948 -4.453 nan 5.58 7.2 
-4.453 1.629 2.81 4.122 5.58 
-4.908 0.566 1.629 2.81 0.0 
Round6
-3.948 -4.453 nan 9.0 0.0 
-4.453 -4.908 nan 7.2 9.0 
-4.908 0.566 nan 5.58 7.2 
0.566 1.629 2.81 4.122 5.58 
-0.391 0.566 1.629 2.81 0.0 
Round7
-4.908 -5.317 nan 9.0 0.0 
-5.317 -0.391 nan 7.2 9.0 
-0.391 0.566 nan 5.58 7.2 
0.566 1.629 2.81 4.122 5.58 
-0.391 0.566 1.629 2.81 0.0 
Round8
-5.685 -1.252 nan 9.0 0.0 
-1.252 -0.391 nan 7.2 9.0 
-0.391 0.566 nan 5.58 7.2 
0.566 1.629 2.81 4.122 5.58 
-0.391 0.566 1.629 2.81 0.0 
Round9
-2.026 -1.252 nan 9.0 0.0 
-1.252 -0.391 nan 7.2 9.0 
-0.391 0.566 nan 5.58 7.2 
0.566 1.629 2.81 4.122 5.58 
-0.391 0.566 1.629 2.81 0.0 
