Round0
-0.387 0.693 1.875 nan -0.865 -0.357 -0.363 -0.262 -0.47 -0.401 0.225 -0.574 -0.607 0.0 
-1.312 -0.645 -0.487 nan 0.675 1.844 1.31 1.455 1.921 -0.138 0.969 -0.613 -0.039 -0.0 
0.842 -0.688 1.083 nan -0.989 -0.044 0.995 nan -1.597 0.422 -0.158 0.911 -1.183 1.085 
-0.99 nan -0.388 nan -0.622 0.422 1.305 -1.995 nan -0.655 -0.57 -0.082 0.837 -0.126 
-0.669 nan 0.179 nan 0.162 -1.345 0.362 0.299 0.623 nan 0.802 -0.344 -1.808 -1.364 
-0.187 nan -0.0 nan -0.652 0.008 0.516 -0.683 0.955 1.281 nan 0.436 -0.496 -1.302 
0.696 nan -1.216 0.531 nan 0.964 0.372 -1.367 -0.335 -1.577 1.634 nan -1.109 -0.05 
0.012 nan -0.412 1.084 0.986 nan -1.303 -0.294 0.824 -0.733 1.38 0.929 nan 0.713 
-1.425 nan 0.999 -2.201 1.013 -0.271 nan -1.304 -0.681 -0.911 -1.106 0.484 -1.172 nan 
0.209 nan 0.42 0.119 -1.012 -0.375 -1.32 nan -0.844 -0.285 -0.814 -1.204 2.217 -0.93 
0.595 nan 0.725 0.317 -1.459 0.229 -0.479 0.364 nan -0.522 -1.121 0.072 -0.531 0.888 
2.107 1.44 nan -0.423 0.671 0.974 -0.041 0.608 -0.0 nan 0.411 -0.045 0.249 0.231 
0.364 1.275 -0.128 nan -0.47 -1.467 1.367 -1.082 -1.471 1.357 -1.58 -1.977 -0.443 -1.28 
2.169 0.252 -1.45 -0.878 nan 0.463 -0.999 0.184 -0.043 0.835 0.336 -0.426 -2.103 0.029 
0.299 -1.11 1.007 1.468 -0.76 nan 1.838 0.862 1.09 0.859 0.217 -0.554 -1.472 0.894 
0.728 1.191 -0.831 0.41 1.086 -1.36 nan 1.392 1.844 -0.459 1.514 -0.584 -0.1 0.051 
0.723 0.129 3.182 0.092 1.44 -1.973 1.346 nan 1.709 0.59 -2.297 0.34 0.157 1.36 
-1.044 0.312 2.003 0.057 -0.537 -0.67 0.786 0.0 nan -0.92 -1.464 1.048 0.403 0.0 
Round12500
-9.998 -9.997 -9.995 nan 0.426 4.39 8.804 14.441 21.547 32.069 45.424 63.558 84.835 0.0 
-9.997 -9.995 -9.993 nan 0.668 5.036 9.802 14.258 20.581 29.164 42.079 55.299 75.544 97.333 
-9.997 -9.995 -9.99 nan -0.865 1.643 3.387 nan 15.309 21.045 29.658 39.315 62.827 77.992 
-9.999 nan -9.988 nan -2.796 -1.294 0.188 -2.388 nan 16.059 21.956 31.372 45.881 52.303 
-9.999 nan -9.986 nan -4.281 -3.76 -3.117 -3.459 -6.021 nan 17.227 21.863 29.84 33.941 
-10.0 nan -9.985 nan -5.446 -5.308 -4.932 -5.076 -6.089 -7.55 nan 15.701 20.837 24.21 
-10.04 nan -9.982 -9.981 nan -6.377 -6.266 -6.642 -6.981 -7.794 -8.529 nan 12.962 16.901 
-10.07 nan -9.983 -9.976 -9.976 nan -7.451 -7.466 -7.664 -8.097 -8.638 -9.126 nan 9.658 
-10.082 nan -9.981 -9.969 -9.961 -9.957 nan -8.265 -8.286 -8.478 -8.879 -9.175 -9.433 nan 
-10.206 nan -9.981 -9.968 -9.954 -9.942 -9.937 nan -8.83 -8.81 -9.03 -9.262 -9.437 -9.611 
-10.315 nan -9.988 -9.967 -9.954 -9.929 -9.904 -9.887 nan -9.235 -9.288 -9.473 -9.593 -9.668 
-10.423 -10.386 nan -9.972 -9.942 -9.919 -9.907 -9.855 -9.863 nan -9.488 -9.601 -9.708 -9.794 
-10.497 -10.686 -12.427 nan -9.929 -9.902 -9.864 -9.785 -9.733 -9.68 -9.613 -9.757 -9.864 -10.011 
-10.436 -10.53 -11.417 -11.489 nan -9.928 -9.965 -9.882 -9.826 -9.802 -9.788 -10.065 -10.435 -10.989 
-10.383 -10.851 -13.383 -13.277 -19.635 nan -10.02 -10.049 -10.032 -10.098 -10.147 -10.339 -11.25 -13.884 
-10.666 -11.353 -15.804 -15.7 -25.433 -43.02 nan -10.332 -10.351 -10.325 -10.621 -11.604 -13.345 -20.556 
-12.165 -11.859 -14.743 -24.749 -32.319 -58.03 -81.589 nan -10.553 -11.093 -12.707 -15.594 -22.575 -46.655 
-14.883 -16.208 -25.3 -41.131 -49.03 -72.36 -100.0 0.0 nan -13.304 -19.061 -25.78 -48.072 0.0 
Round25000
-9.995 -9.993 -9.991 nan 2.142 6.45 11.405 17.517 25.149 35.611 49.35 66.653 86.899 0.0 
-9.993 -9.99 -9.987 nan 2.454 7.515 12.786 17.463 23.923 32.396 44.979 57.359 76.657 97.833 
-9.992 -9.989 -9.981 nan 0.865 4.019 6.186 nan 17.983 24.02 32.234 42.042 64.221 79.67 
-9.994 nan -9.976 nan -1.444 0.465 2.626 -0.288 nan 18.13 24.04 34.282 48.223 54.885 
-9.995 nan -9.972 nan -3.169 -2.268 -1.225 -1.587 -4.619 nan 19.184 25.103 32.182 36.617 
-9.996 nan -9.967 nan -4.499 -4.104 -3.464 -3.49 -4.703 -6.614 nan 18.47 22.49 25.96 
-10.002 nan -9.961 -9.965 nan -5.455 -5.146 -5.488 -5.797 -6.964 -7.984 nan 15.755 18.66 
-10.005 nan -9.954 -9.955 -9.958 nan -6.53 -6.56 -6.662 -7.265 -8.019 -8.582 nan 12.26 
-10.006 nan -9.942 -9.943 -9.94 -9.929 nan -7.57 -7.563 -7.783 -8.335 -8.735 -9.105 nan 
-10.015 nan -9.928 -9.918 -9.908 -9.886 -9.894 nan -8.243 -8.202 -8.526 -8.879 -9.104 -9.421 
-10.025 nan -9.935 -9.917 -9.896 -9.856 -9.819 -9.793 nan -8.787 -8.855 -9.205 -9.29 -9.451 
-10.035 -10.03 nan -9.918 -9.897 -9.853 -9.803 -9.721 -9.725 nan -9.134 -9.383 -9.472 -9.58 
-10.042 -10.06 -10.145 nan -9.908 -9.856 -9.783 -9.651 -9.552 -9.454 -9.313 -9.523 -9.653 -9.731 
-10.043 -10.049 -10.109 -10.145 nan -9.895 -9.873 -9.784 -9.713 -9.634 -9.563 -9.742 -10.013 -10.403 
-10.034 -10.047 -10.245 -10.401 -10.982 nan -9.935 -9.911 -9.879 -9.844 -9.862 -10.045 -10.94 -12.652 
-10.066 -10.113 -10.415 -10.595 -11.628 -16.603 nan -10.095 -10.043 -10.057 -10.303 -10.711 -12.318 -17.223 
-10.194 -10.203 -10.428 -12.162 -12.557 -22.542 -43.209 nan -10.149 -10.48 -11.644 -13.432 -19.462 -37.41 
-10.351 -10.646 -11.66 -14.337 -16.603 -30.315 -65.248 0.0 nan -11.792 -15.187 -21.458 -41.637 0.0 
Round37500
-9.99 -9.987 -9.985 nan 3.846 8.415 13.917 20.523 28.372 38.933 52.455 69.395 88.502 0.0 
-9.986 -9.981 -9.976 nan 4.224 9.835 15.516 20.455 27.118 36.18 47.841 59.832 77.917 98.26 
-9.982 -9.977 -9.964 nan 2.45 6.025 8.78 nan 20.54 26.811 33.627 43.827 65.334 80.879 
-9.985 nan -9.955 nan -0.045 2.161 5.022 1.937 nan 20.172 25.367 35.846 49.659 56.568 
-9.988 nan -9.946 nan -2.06 -0.963 0.582 0.384 -3.32 nan 20.562 26.716 33.642 38.636 
-9.99 nan -9.938 nan -3.372 -2.971 -2.117 -1.831 -3.292 -5.691 nan 19.952 23.887 27.347 
-9.994 nan -9.927 -9.936 nan -4.633 -4.225 -4.308 -4.55 -6.039 -7.363 nan 16.823 19.584 
-9.996 nan -9.915 -9.921 -9.923 nan -5.796 -5.662 -5.58 -6.312 -7.421 -8.178 nan 12.938 
-9.998 nan -9.894 -9.9 -9.895 -9.873 nan -6.957 -6.805 -6.956 -7.77 -8.356 -8.815 nan 
-10.003 nan -9.875 -9.856 -9.836 -9.8 -9.81 nan -7.686 -7.488 -7.921 -8.55 -8.788 -9.227 
-10.008 nan -9.877 -9.847 -9.82 -9.754 -9.695 -9.645 nan -8.258 -8.257 -8.905 -8.987 -9.286 
-10.014 -10.013 nan -9.861 -9.825 -9.757 -9.674 -9.545 -9.558 nan -8.639 -9.108 -9.191 -9.346 
-10.017 -10.028 -10.079 nan -9.852 -9.787 -9.668 -9.445 -9.289 -9.134 -8.909 -9.26 -9.425 -9.507 
-10.018 -10.022 -10.05 -10.068 nan -9.845 -9.768 -9.63 -9.527 -9.407 -9.291 -9.532 -9.747 -10.04 
-10.014 -10.02 -10.117 -10.183 -10.478 nan -9.865 -9.807 -9.723 -9.656 -9.648 -9.869 -10.569 -11.78 
-10.029 -10.05 -10.202 -10.276 -10.814 -13.399 nan -9.959 -9.877 -9.899 -10.021 -10.521 -12.059 -15.95 
-10.09 -10.094 -10.207 -11.197 -11.335 -16.232 -29.803 nan -9.995 -10.404 -11.108 -12.849 -17.841 -33.953 
-10.169 -10.32 -10.771 -12.066 -13.646 -21.726 -50.229 0.0 nan -12.092 -14.713 -20.375 -38.651 0.0 
Round50000
-9.981 -9.979 -9.977 nan 4.991 10.008 16.066 23.06 31.175 41.848 55.212 71.656 89.959 0.0 
-9.973 -9.966 -9.963 nan 5.336 11.826 18.19 23.28 30.136 39.194 50.291 61.84 79.022 98.577 
-9.958 -9.946 -9.93 nan 3.663 7.848 11.464 nan 22.507 28.595 35.204 45.476 66.239 81.74 
-9.965 nan -9.914 nan 1.031 3.758 7.501 4.315 nan 21.5 26.587 37.087 50.619 57.819 
-9.97 nan -9.898 nan -1.175 0.295 2.264 2.454 -2.04 nan 21.354 28.058 34.735 40.065 
-9.975 nan -9.883 nan -2.493 -1.87 -0.761 -0.056 -1.654 -4.658 nan 21.494 25.462 28.385 
-9.981 nan -9.865 -9.892 nan -3.667 -3.191 -3.159 -3.125 -5.076 -6.73 nan 17.458 19.924 
-9.985 nan -9.842 -9.865 -9.874 nan -5.119 -4.744 -4.327 -5.205 -6.79 -7.839 nan 13.206 
-9.989 nan -9.809 -9.826 -9.823 -9.779 nan -6.297 -5.974 -5.981 -7.158 -7.958 -8.51 nan 
-9.994 nan -9.775 -9.748 -9.713 -9.656 -9.695 nan -6.996 -6.608 -7.155 -8.119 -8.378 -8.98 
-9.998 nan -9.795 -9.753 -9.707 -9.589 -9.495 -9.413 nan -7.7 -7.549 -8.585 -8.625 -9.097 
-10.003 -10.006 nan -9.791 -9.725 -9.627 -9.505 -9.28 -9.327 nan -8.023 -8.783 -8.855 -9.081 
-10.007 -10.018 -10.058 nan -9.795 -9.676 -9.49 -9.138 -8.92 -8.705 -8.39 -8.944 -9.145 -9.25 
-10.008 -10.013 -10.032 -10.044 nan -9.734 -9.633 -9.44 -9.32 -9.123 -8.967 -9.271 -9.487 -9.735 
-10.006 -10.011 -10.081 -10.121 -10.337 nan -9.799 -9.656 -9.556 -9.435 -9.381 -9.588 -10.329 -11.21 
-10.018 -10.033 -10.173 -10.213 -10.581 -12.411 nan -9.76 -9.691 -9.663 -9.751 -10.14 -11.687 -15.198 
-10.063 -10.064 -10.14 -10.899 -10.966 -14.588 -25.449 nan -9.785 -10.109 -10.76 -12.104 -16.867 -33.198 
-10.134 -10.234 -10.533 -11.524 -12.799 -19.359 -45.286 0.0 nan -11.748 -14.313 -19.031 -35.638 0.0 
Round62500
-9.969 -9.966 -9.964 nan 5.846 11.173 17.83 25.211 33.562 44.345 57.529 73.54 91.127 0.0 
-9.953 -9.946 -9.942 nan 5.921 13.022 20.778 25.996 32.946 41.892 52.567 63.739 80.101 98.825 
-9.917 -9.897 -9.875 nan 4.244 9.118 14.424 nan 24.169 30.012 36.568 46.762 67.042 82.402 
-9.93 nan -9.85 nan 1.784 5.146 10.17 6.755 nan 22.543 27.364 38.14 51.583 58.886 
-9.939 nan -9.824 nan -0.45 1.247 3.866 4.576 -0.783 nan 21.802 29.292 35.728 41.324 
-9.948 nan -9.799 nan -1.743 -1.12 0.499 1.838 0.091 -3.724 nan 22.946 27.044 29.3 
-9.957 nan -9.768 -9.847 nan -2.972 -2.416 -2.014 -1.571 -4.187 -6.139 nan 17.803 20.231 
-9.964 nan -9.72 -9.818 -9.822 nan -4.675 -3.867 -2.932 -3.948 -6.133 -7.404 nan 13.226 
-9.971 nan -9.657 -9.757 -9.743 -9.667 nan -5.67 -5.158 -4.877 -6.513 -7.534 -8.164 nan 
-9.978 nan -9.598 -9.575 -9.524 -9.438 -9.543 nan -6.329 -5.61 -6.275 -7.623 -7.861 -8.708 
-9.984 nan -9.699 -9.649 -9.575 -9.349 -9.216 -9.092 nan -7.132 -6.762 -8.249 -8.152 -8.911 
-9.99 -9.999 nan -9.741 -9.628 -9.464 -9.301 -8.933 -9.087 nan -7.322 -8.481 -8.435 -8.707 
-9.995 -10.009 -10.045 nan -9.75 -9.559 -9.298 -8.741 -8.461 -8.183 -7.78 -8.606 -8.845 -8.907 
-9.998 -10.005 -10.021 -10.029 nan -9.6 -9.461 -9.205 -9.077 -8.842 -8.629 -8.963 -9.191 -9.351 
-9.999 -10.005 -10.066 -10.088 -10.268 nan -9.704 -9.518 -9.361 -9.208 -9.069 -9.248 -10.04 -10.57 
-10.012 -10.023 -10.144 -10.157 -10.428 -11.873 nan -9.591 -9.46 -9.398 -9.42 -9.754 -11.267 -14.015 
-10.053 -10.047 -10.106 -10.745 -10.718 -13.567 -22.363 nan -9.563 -9.837 -10.379 -11.59 -15.732 -29.975 
-10.121 -10.188 -10.409 -11.185 -12.103 -17.398 -40.052 0.0 nan -11.566 -14.096 -18.31 -32.493 0.0 
Round75000
-9.945 -9.945 -9.948 nan 6.54 11.909 19.12 26.838 35.367 46.173 59.217 74.931 91.983 0.0 
-9.93 -9.916 -9.916 nan 6.13 13.549 23.237 28.596 35.568 44.367 54.69 65.544 81.132 99.019 
-9.857 -9.827 -9.797 nan 4.64 9.839 17.292 nan 25.279 31.109 37.618 47.77 67.775 82.972 
-9.877 nan -9.762 nan 2.336 6.301 12.759 9.178 nan 23.336 28.132 39.118 52.425 59.709 
-9.892 nan -9.723 nan 0.127 2.111 5.175 6.687 0.293 nan 22.119 30.583 36.552 42.371 
-9.907 nan -9.685 nan -0.923 -0.282 1.477 3.735 1.885 -2.912 nan 24.74 28.43 29.859 
-9.921 nan -9.635 -9.789 nan -2.197 -1.754 -1.024 0.034 -3.427 -5.739 nan 18.506 20.562 
-9.933 nan -9.56 -9.77 -9.743 nan -4.325 -3.135 -1.467 -2.609 -5.532 -6.997 nan 13.226 
-9.943 nan -9.463 -9.681 -9.648 -9.536 nan -5.145 -4.432 -3.694 -5.967 -7.171 -7.847 nan 
-9.953 nan -9.369 -9.334 -9.253 -9.131 -9.359 nan -5.749 -4.517 -5.321 -7.132 -7.365 -8.429 
-9.962 nan -9.601 -9.564 -9.47 -9.025 -8.835 -8.654 nan -6.592 -5.889 -7.941 -7.702 -8.759 
-9.97 -9.993 nan -9.692 -9.526 -9.314 -9.122 -8.495 -8.851 nan -6.53 -8.175 -8.021 -8.313 
-9.976 -10.001 -10.035 nan -9.694 -9.43 -9.093 -8.253 -7.916 -7.569 -7.079 -8.227 -8.562 -8.509 
-9.982 -9.995 -10.007 -10.013 nan -9.43 -9.271 -8.97 -8.816 -8.552 -8.266 -8.569 -8.944 -8.94 
-9.989 -9.996 -10.055 -10.063 -10.224 nan -9.675 -9.431 -9.114 -8.915 -8.719 -8.796 -9.746 -10.042 
-10.008 -10.014 -10.125 -10.121 -10.339 -11.569 nan -9.378 -9.117 -9.058 -9.067 -9.295 -10.75 -13.078 
-10.05 -10.033 -10.082 -10.671 -10.587 -13.077 -21.12 nan -9.295 -9.567 -10.036 -11.094 -14.706 -28.212 
-10.117 -10.158 -10.335 -11.031 -11.799 -16.259 -37.022 0.0 nan -11.471 -13.823 -18.182 -29.89 0.0 
Round87500
-9.919 -9.92 -9.925 nan 7.327 12.527 20.087 27.996 36.635 47.435 60.394 75.889 92.584 0.0 
-9.9 -9.882 -9.881 nan 6.255 13.892 25.492 30.984 38.004 46.672 56.697 67.286 82.151 99.18 
-9.77 -9.728 -9.687 nan 4.96 10.348 19.826 nan 26.084 31.955 38.348 48.481 68.323 83.371 
-9.798 nan -9.639 nan 2.813 7.183 15.125 11.554 nan 24.181 28.745 40.051 53.169 60.28 
-9.821 nan -9.584 nan 0.743 2.786 6.054 8.771 1.062 nan 22.36 31.943 37.266 43.185 
-9.844 nan -9.531 nan -0.149 0.475 2.146 5.67 3.774 -2.264 nan 26.485 29.691 30.037 
-9.864 nan -9.461 -9.729 nan -1.431 -1.297 -0.408 1.733 -2.848 -5.397 nan 19.081 20.632 
-9.882 nan -9.355 -9.732 -9.665 nan -4.223 -2.666 0.085 -1.144 -5.016 -6.568 nan 13.475 
-9.898 nan -9.222 -9.599 -9.557 -9.406 nan -4.743 -4.005 -2.396 -5.498 -6.829 -7.508 nan 
-9.912 nan -9.084 -9.039 -8.924 -8.759 -9.191 nan -5.4 -3.326 -4.269 -6.703 -6.89 -8.205 
-9.926 nan -9.515 -9.481 -9.382 -8.62 -8.372 -8.117 nan -6.238 -4.928 -7.711 -7.286 -8.649 
-9.937 -9.985 nan -9.671 -9.445 -9.184 -9.001 -7.972 -8.662 nan -5.643 -7.912 -7.643 -7.865 
-9.946 -9.991 -10.025 nan -9.661 -9.281 -8.901 -7.672 -7.307 -6.873 -6.283 -7.774 -8.393 -8.119 
-9.956 -9.977 -9.985 -9.99 nan -9.217 -9.033 -8.717 -8.674 -8.202 -7.903 -7.977 -8.687 -8.553 
-9.973 -9.982 -10.045 -10.034 -10.189 nan -9.599 -9.376 -9.068 -8.349 -8.335 -8.218 -9.438 -9.599 
-10.002 -9.999 -10.107 -10.087 -10.268 -11.358 nan -9.078 -8.662 -8.339 -8.672 -8.798 -10.227 -12.325 
-10.047 -10.016 -10.06 -10.633 -10.483 -12.691 -19.694 nan -8.926 -9.186 -9.651 -10.711 -13.714 -27.007 
-10.112 -10.132 -10.277 -10.903 -11.52 -15.441 -34.231 0.0 nan -11.374 -13.664 -17.932 -27.708 0.0 
Round99999
-9.871 -9.886 -9.883 nan 7.93 13.04 20.661 28.618 37.319 48.136 61.057 76.428 92.922 0.0 
-9.871 -9.843 -9.842 nan 6.277 14.004 27.581 33.212 40.282 48.808 58.561 68.943 83.141 99.307 
-9.653 -9.596 -9.541 nan 5.235 10.588 22.131 nan 26.365 32.325 38.712 48.871 68.694 83.623 
-9.691 nan -9.479 nan 2.889 7.79 17.331 13.9 nan 24.819 29.278 40.9 53.855 60.727 
-9.724 nan -9.406 nan 1.286 3.557 6.414 10.828 1.44 nan 22.411 33.186 37.797 43.983 
-9.758 nan -9.333 nan 0.637 1.149 2.528 7.624 5.662 -1.962 nan 27.79 30.728 30.111 
-9.786 nan -9.24 -9.685 nan -0.8 -0.965 -0.161 3.439 -2.497 -4.97 nan 19.176 20.632 
-9.812 nan -9.102 -9.716 -9.537 nan -4.223 -2.464 1.656 0.342 -4.68 -6.138 nan 13.475 
-9.834 nan -8.929 -9.543 -9.475 -9.297 nan -4.535 -3.862 -1.078 -5.221 -6.596 -7.242 nan 
-9.855 nan -8.741 -8.687 -8.536 -8.316 -9.083 nan -5.19 -2.082 -3.157 -6.231 -6.311 -7.954 
-9.873 nan -9.483 -9.407 -9.347 -8.148 -7.849 -7.513 nan -6.079 -3.928 -7.56 -6.815 -8.635 
-9.89 -9.978 nan -9.664 -9.343 -9.069 -8.918 -7.381 -8.53 nan -4.714 -7.745 -7.2 -7.371 
-9.901 -9.984 -10.012 nan -9.661 -9.147 -8.751 -7.019 -6.627 -6.122 -5.437 -7.324 -8.229 -7.662 
-9.915 -9.944 -9.951 -9.958 nan -8.991 -8.783 -8.491 -8.56 -7.934 -7.578 -7.369 -8.465 -8.124 
-9.952 -9.96 -10.033 -10.001 -10.161 nan -9.599 -9.361 -9.067 -7.575 -7.87 -7.615 -9.186 -9.138 
-9.995 -9.977 -10.089 -10.051 -10.208 -11.218 nan -9.039 -8.646 -7.423 -8.62 -8.213 -9.717 -11.664 
-10.045 -9.992 -10.035 -10.621 -10.405 -12.462 -18.685 nan -8.892 -9.145 -9.57 -10.241 -12.823 -25.477 
-10.109 -10.103 -10.23 -10.83 -11.318 -14.869 -31.908 0.0 nan -11.33 -13.664 -17.809 -25.721 0.0 
