Round1
-1.0 -1.0 -1.0 nan -1.0 -1.0 -1.0 -1.0 -1.0 -1.0 -1.0 -1.0 -1.0 100.0 
-1.0 -1.0 -1.0 nan -1.0 -1.0 -1.0 -1.0 -1.0 -1.0 -1.0 -1.0 -1.0 -1.0 
-1.0 -1.0 -1.0 nan -1.0 -1.0 -1.0 nan -1.0 -1.0 -1.0 -1.0 -1.0 -1.0 
-1.0 nan -1.0 nan -1.0 -1.0 -1.0 -1.0 nan -1.0 -1.0 -1.0 -1.0 -1.0 
-1.0 nan -1.0 nan -1.0 -1.0 -1.0 -1.0 -1.0 nan -1.0 -1.0 -1.0 -1.0 
-1.0 nan -1.0 nan -1.0 -1.0 -1.0 -1.0 -1.0 -1.0 nan -1.0 -1.0 -1.0 
-1.0 nan -1.0 -1.0 nan -1.0 -1.0 -1.0 -1.0 -1.0 -1.0 nan -1.0 -1.0 
-1.0 nan -1.0 -1.0 -1.0 nan -1.0 -1.0 -1.0 -1.0 -1.0 -1.0 nan -1.0 
-1.0 nan -1.0 -1.0 -1.0 -1.0 nan -1.0 -1.0 -1.0 -1.0 -1.0 -1.0 nan 
-1.0 nan -1.0 -1.0 -1.0 -1.0 -1.0 nan -1.0 -1.0 -1.0 -1.0 -1.0 -1.0 
-1.0 nan -1.0 -1.0 -1.0 -1.0 -1.0 -1.0 nan -1.0 -1.0 -1.0 -1.0 -1.0 
-1.0 -1.0 nan -1.0 -1.0 -1.0 -1.0 -1.0 -1.0 nan -1.0 -1.0 -1.0 -1.0 
-1.0 -1.0 -1.0 nan -1.0 -1.0 -1.0 -1.0 -1.0 -1.0 -1.0 -1.0 -1.0 -1.0 
-1.0 -1.0 -1.0 -1.0 nan -1.0 -1.0 -1.0 -1.0 -1.0 -1.0 -1.0 -1.0 -1.0 
-1.0 -1.0 -1.0 -1.0 -1.0 nan -1.0 -1.0 -1.0 -1.0 -1.0 -1.0 -1.0 -1.0 
-1.0 -1.0 -1.0 -1.0 -1.0 -1.0 nan -1.0 -1.0 -1.0 -1.0 -1.0 -1.0 -1.0 
-1.0 -1.0 -1.0 -1.0 -1.0 -1.0 -1.0 nan -1.0 -1.0 -1.0 -1.0 -1.0 -1.0 
-1.0 -1.0 -1.0 -1.0 -1.0 -1.0 -1.0 -100.0 nan -1.0 -1.0 -1.0 -1.0 -100.0 
