Round0
1.0 2.0 2.0 -1.0 1.0 2.0 1.0 3.0 1.0 2.0 1.0 1.0 2.0 9.0 
0.0 1.0 2.0 -1.0 0.0 0.0 2.0 3.0 3.0 3.0 1.0 2.0 1.0 0.0 
0.0 3.0 3.0 -1.0 1.0 0.0 2.0 -1.0 0.0 0.0 2.0 2.0 1.0 2.0 
0.0 -1.0 0.0 -1.0 0.0 1.0 3.0 2.0 -1.0 1.0 3.0 0.0 1.0 2.0 
2.0 -1.0 2.0 -1.0 0.0 3.0 3.0 1.0 3.0 -1.0 0.0 3.0 0.0 3.0 
0.0 -1.0 0.0 -1.0 1.0 1.0 1.0 2.0 3.0 3.0 -1.0 1.0 2.0 0.0 
0.0 -1.0 1.0 3.0 -1.0 1.0 3.0 3.0 3.0 2.0 2.0 -1.0 0.0 0.0 
0.0 -1.0 1.0 0.0 3.0 -1.0 0.0 0.0 3.0 3.0 1.0 3.0 -1.0 0.0 
0.0 -1.0 0.0 2.0 0.0 3.0 -1.0 1.0 0.0 1.0 2.0 2.0 2.0 -1.0 
0.0 -1.0 1.0 3.0 1.0 0.0 2.0 -1.0 1.0 1.0 0.0 0.0 0.0 2.0 
0.0 -1.0 0.0 2.0 0.0 3.0 1.0 2.0 -1.0 0.0 2.0 3.0 3.0 0.0 
1.0 3.0 -1.0 0.0 2.0 2.0 3.0 2.0 2.0 -1.0 0.0 3.0 3.0 2.0 
0.0 2.0 2.0 -1.0 0.0 1.0 3.0 0.0 0.0 3.0 3.0 1.0 2.0 2.0 
2.0 0.0 2.0 3.0 -1.0 1.0 3.0 1.0 3.0 0.0 2.0 0.0 2.0 2.0 
0.0 1.0 1.0 2.0 3.0 -1.0 0.0 0.0 0.0 0.0 3.0 3.0 1.0 0.0 
2.0 0.0 2.0 0.0 2.0 3.0 -1.0 1.0 3.0 3.0 3.0 2.0 0.0 3.0 
0.0 0.0 1.0 0.0 0.0 0.0 3.0 -1.0 1.0 2.0 3.0 3.0 2.0 2.0 
0.0 1.0 1.0 1.0 1.0 0.0 1.0 9.0 -1.0 0.0 0.0 0.0 3.0 9.0 
Round12500
2.0 1.0 2.0 -1.0 1.0 1.0 1.0 1.0 1.0 1.0 1.0 1.0 1.0 9.0 
1.0 1.0 2.0 -1.0 1.0 1.0 1.0 1.0 1.0 1.0 1.0 1.0 1.0 0.0 
1.0 1.0 2.0 -1.0 1.0 0.0 0.0 -1.0 1.0 1.0 0.0 1.0 1.0 0.0 
0.0 -1.0 2.0 -1.0 0.0 0.0 0.0 3.0 -1.0 1.0 1.0 1.0 0.0 0.0 
0.0 -1.0 2.0 -1.0 0.0 0.0 0.0 0.0 3.0 -1.0 0.0 0.0 0.0 0.0 
0.0 -1.0 2.0 -1.0 0.0 0.0 0.0 0.0 3.0 3.0 -1.0 0.0 0.0 0.0 
0.0 -1.0 1.0 2.0 -1.0 0.0 0.0 0.0 0.0 3.0 3.0 -1.0 0.0 0.0 
0.0 -1.0 1.0 2.0 2.0 -1.0 0.0 0.0 0.0 3.0 3.0 3.0 -1.0 0.0 
0.0 -1.0 1.0 1.0 2.0 2.0 -1.0 0.0 0.0 0.0 3.0 3.0 3.0 -1.0 
0.0 -1.0 1.0 1.0 1.0 2.0 2.0 -1.0 0.0 0.0 3.0 3.0 3.0 3.0 
0.0 -1.0 1.0 1.0 1.0 1.0 1.0 2.0 -1.0 0.0 0.0 0.0 0.0 3.0 
0.0 3.0 -1.0 1.0 1.0 2.0 1.0 2.0 2.0 -1.0 0.0 0.0 0.0 0.0 
0.0 0.0 3.0 -1.0 1.0 1.0 1.0 1.0 1.0 1.0 0.0 0.0 0.0 0.0 
2.0 3.0 3.0 3.0 -1.0 0.0 0.0 0.0 0.0 0.0 0.0 0.0 0.0 0.0 
0.0 3.0 3.0 0.0 3.0 -1.0 0.0 0.0 0.0 0.0 0.0 0.0 3.0 0.0 
0.0 3.0 3.0 0.0 3.0 3.0 -1.0 0.0 0.0 0.0 0.0 0.0 0.0 3.0 
0.0 0.0 3.0 3.0 3.0 3.0 3.0 -1.0 0.0 0.0 0.0 0.0 0.0 0.0 
0.0 0.0 0.0 0.0 0.0 3.0 3.0 9.0 -1.0 0.0 0.0 0.0 0.0 9.0 
Round25000
2.0 2.0 2.0 -1.0 1.0 1.0 1.0 1.0 1.0 1.0 1.0 1.0 1.0 9.0 
1.0 1.0 2.0 -1.0 1.0 1.0 1.0 1.0 1.0 1.0 1.0 1.0 1.0 0.0 
1.0 1.0 2.0 -1.0 1.0 0.0 0.0 -1.0 1.0 0.0 0.0 1.0 1.0 0.0 
0.0 -1.0 2.0 -1.0 0.0 0.0 0.0 3.0 -1.0 1.0 1.0 1.0 0.0 0.0 
0.0 -1.0 2.0 -1.0 0.0 0.0 0.0 0.0 3.0 -1.0 1.0 0.0 0.0 0.0 
0.0 -1.0 2.0 -1.0 0.0 0.0 0.0 0.0 3.0 3.0 -1.0 0.0 0.0 0.0 
0.0 -1.0 2.0 2.0 -1.0 0.0 0.0 0.0 0.0 3.0 3.0 -1.0 0.0 0.0 
0.0 -1.0 2.0 2.0 2.0 -1.0 0.0 0.0 0.0 3.0 3.0 3.0 -1.0 0.0 
0.0 -1.0 2.0 2.0 2.0 2.0 -1.0 0.0 0.0 0.0 3.0 3.0 3.0 -1.0 
0.0 -1.0 1.0 1.0 1.0 2.0 2.0 -1.0 0.0 0.0 3.0 3.0 3.0 3.0 
0.0 -1.0 1.0 1.0 1.0 1.0 1.0 2.0 -1.0 0.0 0.0 3.0 0.0 3.0 
0.0 3.0 -1.0 1.0 1.0 1.0 1.0 2.0 2.0 -1.0 0.0 3.0 0.0 0.0 
0.0 0.0 3.0 -1.0 1.0 1.0 1.0 1.0 1.0 1.0 0.0 3.0 0.0 0.0 
2.0 3.0 3.0 3.0 -1.0 0.0 0.0 0.0 0.0 0.0 0.0 0.0 0.0 0.0 
0.0 3.0 3.0 0.0 3.0 -1.0 0.0 0.0 0.0 0.0 0.0 0.0 0.0 0.0 
0.0 0.0 3.0 0.0 3.0 3.0 -1.0 0.0 0.0 0.0 0.0 0.0 3.0 3.0 
0.0 0.0 3.0 3.0 0.0 3.0 3.0 -1.0 0.0 0.0 0.0 0.0 0.0 0.0 
0.0 0.0 0.0 3.0 0.0 3.0 3.0 9.0 -1.0 0.0 0.0 0.0 0.0 9.0 
Round37500
2.0 2.0 2.0 -1.0 1.0 1.0 1.0 1.0 1.0 1.0 1.0 1.0 1.0 9.0 
1.0 1.0 2.0 -1.0 1.0 1.0 1.0 1.0 1.0 1.0 1.0 1.0 1.0 0.0 
1.0 1.0 2.0 -1.0 1.0 0.0 0.0 -1.0 0.0 0.0 0.0 1.0 1.0 0.0 
0.0 -1.0 2.0 -1.0 0.0 0.0 0.0 3.0 -1.0 0.0 1.0 1.0 0.0 0.0 
0.0 -1.0 2.0 -1.0 0.0 0.0 0.0 0.0 3.0 -1.0 1.0 0.0 0.0 0.0 
0.0 -1.0 2.0 -1.0 0.0 0.0 0.0 0.0 3.0 3.0 -1.0 0.0 0.0 0.0 
0.0 -1.0 2.0 2.0 -1.0 0.0 0.0 0.0 0.0 3.0 3.0 -1.0 0.0 0.0 
0.0 -1.0 2.0 2.0 2.0 -1.0 0.0 0.0 0.0 3.0 3.0 3.0 -1.0 0.0 
0.0 -1.0 2.0 2.0 2.0 2.0 -1.0 0.0 0.0 0.0 3.0 3.0 3.0 -1.0 
0.0 -1.0 1.0 1.0 1.0 2.0 2.0 -1.0 0.0 0.0 3.0 3.0 3.0 3.0 
0.0 -1.0 1.0 1.0 1.0 1.0 1.0 2.0 -1.0 0.0 0.0 3.0 0.0 3.0 
0.0 3.0 -1.0 1.0 1.0 1.0 1.0 2.0 2.0 -1.0 0.0 3.0 0.0 3.0 
0.0 0.0 3.0 -1.0 1.0 1.0 1.0 1.0 1.0 1.0 0.0 3.0 0.0 0.0 
2.0 3.0 3.0 3.0 -1.0 1.0 1.0 0.0 0.0 0.0 0.0 0.0 0.0 0.0 
0.0 3.0 3.0 0.0 3.0 -1.0 0.0 0.0 0.0 0.0 0.0 0.0 0.0 0.0 
0.0 0.0 3.0 0.0 3.0 3.0 -1.0 0.0 0.0 0.0 0.0 0.0 3.0 0.0 
0.0 0.0 3.0 3.0 0.0 3.0 3.0 -1.0 0.0 0.0 0.0 0.0 0.0 0.0 
0.0 0.0 0.0 3.0 0.0 3.0 3.0 9.0 -1.0 0.0 0.0 0.0 0.0 9.0 
Round50000
2.0 2.0 2.0 -1.0 1.0 1.0 1.0 1.0 1.0 1.0 1.0 1.0 1.0 9.0 
2.0 2.0 2.0 -1.0 1.0 1.0 1.0 1.0 1.0 1.0 1.0 1.0 1.0 0.0 
1.0 1.0 2.0 -1.0 1.0 0.0 0.0 -1.0 0.0 0.0 0.0 1.0 1.0 0.0 
0.0 -1.0 2.0 -1.0 1.0 0.0 0.0 3.0 -1.0 0.0 1.0 1.0 0.0 0.0 
0.0 -1.0 2.0 -1.0 0.0 0.0 0.0 0.0 3.0 -1.0 1.0 0.0 0.0 0.0 
0.0 -1.0 2.0 -1.0 0.0 0.0 0.0 0.0 3.0 3.0 -1.0 0.0 0.0 0.0 
0.0 -1.0 2.0 2.0 -1.0 0.0 0.0 0.0 0.0 3.0 3.0 -1.0 0.0 0.0 
0.0 -1.0 2.0 2.0 2.0 -1.0 0.0 0.0 0.0 3.0 3.0 3.0 -1.0 0.0 
0.0 -1.0 2.0 2.0 2.0 2.0 -1.0 0.0 0.0 0.0 3.0 3.0 3.0 -1.0 
0.0 -1.0 1.0 1.0 1.0 2.0 2.0 -1.0 0.0 0.0 3.0 3.0 3.0 3.0 
0.0 -1.0 1.0 1.0 1.0 1.0 1.0 2.0 -1.0 0.0 0.0 3.0 0.0 3.0 
0.0 3.0 -1.0 1.0 1.0 1.0 1.0 2.0 2.0 -1.0 0.0 3.0 0.0 3.0 
0.0 0.0 3.0 -1.0 1.0 1.0 1.0 1.0 1.0 1.0 0.0 3.0 0.0 0.0 
2.0 3.0 3.0 3.0 -1.0 1.0 1.0 0.0 0.0 0.0 0.0 0.0 0.0 0.0 
0.0 3.0 3.0 0.0 3.0 -1.0 0.0 0.0 0.0 0.0 0.0 0.0 0.0 0.0 
0.0 0.0 3.0 0.0 3.0 3.0 -1.0 0.0 0.0 0.0 0.0 0.0 3.0 0.0 
0.0 0.0 3.0 3.0 0.0 3.0 3.0 -1.0 0.0 0.0 0.0 0.0 0.0 0.0 
0.0 0.0 0.0 3.0 0.0 3.0 3.0 9.0 -1.0 0.0 0.0 0.0 0.0 9.0 
Round62500
2.0 2.0 2.0 -1.0 1.0 1.0 1.0 1.0 1.0 1.0 1.0 1.0 1.0 9.0 
2.0 2.0 2.0 -1.0 1.0 1.0 1.0 1.0 1.0 1.0 1.0 1.0 1.0 0.0 
1.0 1.0 2.0 -1.0 1.0 1.0 0.0 -1.0 0.0 0.0 0.0 1.0 1.0 0.0 
0.0 -1.0 2.0 -1.0 1.0 1.0 0.0 3.0 -1.0 0.0 1.0 1.0 0.0 0.0 
0.0 -1.0 2.0 -1.0 0.0 0.0 0.0 0.0 3.0 -1.0 1.0 0.0 0.0 0.0 
0.0 -1.0 2.0 -1.0 0.0 0.0 0.0 0.0 3.0 3.0 -1.0 0.0 0.0 0.0 
0.0 -1.0 2.0 3.0 -1.0 0.0 0.0 0.0 0.0 3.0 3.0 -1.0 0.0 0.0 
0.0 -1.0 2.0 3.0 2.0 -1.0 0.0 0.0 0.0 3.0 3.0 3.0 -1.0 0.0 
0.0 -1.0 2.0 2.0 2.0 2.0 -1.0 0.0 0.0 0.0 3.0 3.0 3.0 -1.0 
0.0 -1.0 1.0 1.0 1.0 2.0 2.0 -1.0 0.0 0.0 3.0 3.0 3.0 3.0 
0.0 -1.0 0.0 1.0 1.0 1.0 1.0 2.0 -1.0 0.0 0.0 3.0 0.0 3.0 
0.0 3.0 -1.0 1.0 1.0 1.0 1.0 2.0 2.0 -1.0 0.0 3.0 0.0 3.0 
0.0 3.0 3.0 -1.0 1.0 1.0 1.0 1.0 1.0 1.0 0.0 3.0 0.0 0.0 
0.0 3.0 3.0 3.0 -1.0 1.0 1.0 0.0 0.0 0.0 0.0 0.0 0.0 0.0 
0.0 3.0 3.0 0.0 3.0 -1.0 0.0 0.0 0.0 0.0 0.0 0.0 0.0 0.0 
0.0 0.0 3.0 0.0 3.0 3.0 -1.0 1.0 0.0 0.0 0.0 0.0 3.0 0.0 
0.0 0.0 3.0 3.0 0.0 3.0 3.0 -1.0 0.0 0.0 0.0 0.0 0.0 0.0 
0.0 0.0 0.0 3.0 0.0 3.0 3.0 9.0 -1.0 0.0 0.0 0.0 0.0 9.0 
Round75000
2.0 2.0 2.0 -1.0 1.0 1.0 1.0 1.0 1.0 1.0 1.0 1.0 1.0 9.0 
2.0 2.0 2.0 -1.0 1.0 1.0 1.0 1.0 1.0 1.0 1.0 1.0 1.0 0.0 
1.0 1.0 2.0 -1.0 1.0 1.0 0.0 -1.0 0.0 0.0 0.0 1.0 1.0 0.0 
0.0 -1.0 2.0 -1.0 1.0 1.0 0.0 3.0 -1.0 0.0 1.0 1.0 0.0 0.0 
0.0 -1.0 2.0 -1.0 0.0 0.0 0.0 0.0 3.0 -1.0 1.0 0.0 0.0 0.0 
0.0 -1.0 2.0 -1.0 0.0 0.0 0.0 0.0 3.0 3.0 -1.0 0.0 0.0 0.0 
0.0 -1.0 2.0 3.0 -1.0 0.0 0.0 0.0 0.0 3.0 3.0 -1.0 0.0 0.0 
0.0 -1.0 2.0 3.0 2.0 -1.0 0.0 0.0 0.0 3.0 3.0 3.0 -1.0 0.0 
0.0 -1.0 2.0 2.0 2.0 2.0 -1.0 0.0 0.0 0.0 3.0 3.0 3.0 -1.0 
0.0 -1.0 1.0 1.0 1.0 2.0 2.0 -1.0 0.0 0.0 3.0 3.0 3.0 3.0 
0.0 -1.0 0.0 0.0 1.0 1.0 1.0 2.0 -1.0 0.0 0.0 3.0 0.0 3.0 
0.0 3.0 -1.0 1.0 1.0 0.0 1.0 2.0 2.0 -1.0 0.0 3.0 0.0 3.0 
0.0 3.0 3.0 -1.0 1.0 1.0 1.0 1.0 1.0 1.0 0.0 3.0 0.0 0.0 
0.0 3.0 3.0 3.0 -1.0 1.0 1.0 0.0 0.0 0.0 0.0 0.0 0.0 0.0 
0.0 3.0 3.0 0.0 3.0 -1.0 0.0 0.0 0.0 0.0 0.0 0.0 3.0 0.0 
0.0 0.0 3.0 0.0 3.0 3.0 -1.0 1.0 1.0 0.0 0.0 0.0 3.0 0.0 
0.0 0.0 3.0 3.0 0.0 3.0 3.0 -1.0 0.0 0.0 0.0 0.0 0.0 0.0 
0.0 0.0 0.0 3.0 0.0 3.0 3.0 9.0 -1.0 0.0 0.0 0.0 0.0 9.0 
Round87500
2.0 2.0 2.0 -1.0 1.0 1.0 1.0 1.0 1.0 1.0 1.0 1.0 1.0 9.0 
2.0 2.0 2.0 -1.0 1.0 1.0 1.0 1.0 1.0 1.0 1.0 1.0 1.0 0.0 
1.0 1.0 2.0 -1.0 1.0 1.0 0.0 -1.0 0.0 0.0 0.0 1.0 1.0 0.0 
0.0 -1.0 2.0 -1.0 1.0 1.0 0.0 3.0 -1.0 0.0 1.0 1.0 0.0 0.0 
0.0 -1.0 2.0 -1.0 0.0 0.0 0.0 0.0 3.0 -1.0 1.0 0.0 0.0 0.0 
0.0 -1.0 2.0 -1.0 0.0 0.0 0.0 0.0 3.0 3.0 -1.0 0.0 0.0 0.0 
0.0 -1.0 2.0 3.0 -1.0 0.0 0.0 0.0 0.0 3.0 3.0 -1.0 0.0 0.0 
0.0 -1.0 2.0 3.0 2.0 -1.0 0.0 1.0 0.0 3.0 3.0 3.0 -1.0 0.0 
0.0 -1.0 2.0 2.0 2.0 2.0 -1.0 0.0 0.0 0.0 3.0 3.0 3.0 -1.0 
0.0 -1.0 1.0 1.0 1.0 2.0 2.0 -1.0 1.0 0.0 3.0 3.0 3.0 3.0 
0.0 -1.0 0.0 0.0 1.0 1.0 1.0 2.0 -1.0 0.0 0.0 3.0 0.0 3.0 
0.0 3.0 -1.0 1.0 1.0 0.0 1.0 2.0 2.0 -1.0 0.0 3.0 0.0 3.0 
0.0 3.0 2.0 -1.0 1.0 1.0 1.0 1.0 1.0 1.0 0.0 3.0 0.0 0.0 
0.0 3.0 3.0 3.0 -1.0 1.0 1.0 0.0 0.0 0.0 0.0 0.0 3.0 0.0 
0.0 3.0 3.0 0.0 3.0 -1.0 0.0 0.0 1.0 0.0 0.0 0.0 3.0 0.0 
0.0 0.0 3.0 0.0 3.0 3.0 -1.0 1.0 1.0 0.0 0.0 0.0 3.0 0.0 
0.0 0.0 3.0 3.0 0.0 3.0 3.0 -1.0 0.0 0.0 0.0 0.0 0.0 0.0 
0.0 0.0 0.0 3.0 0.0 3.0 3.0 9.0 -1.0 0.0 0.0 0.0 0.0 9.0 
Round99999
2.0 2.0 2.0 -1.0 1.0 1.0 1.0 1.0 1.0 1.0 1.0 1.0 1.0 9.0 
2.0 2.0 2.0 -1.0 1.0 1.0 1.0 1.0 1.0 1.0 1.0 1.0 1.0 0.0 
1.0 1.0 2.0 -1.0 1.0 1.0 0.0 -1.0 0.0 0.0 0.0 0.0 1.0 0.0 
0.0 -1.0 2.0 -1.0 1.0 1.0 0.0 3.0 -1.0 0.0 1.0 1.0 0.0 0.0 
0.0 -1.0 2.0 -1.0 1.0 0.0 0.0 0.0 3.0 -1.0 1.0 0.0 0.0 0.0 
0.0 -1.0 2.0 -1.0 0.0 0.0 1.0 0.0 3.0 3.0 -1.0 0.0 0.0 0.0 
0.0 -1.0 2.0 3.0 -1.0 0.0 0.0 0.0 0.0 3.0 3.0 -1.0 0.0 0.0 
0.0 -1.0 2.0 3.0 2.0 -1.0 0.0 1.0 0.0 3.0 3.0 3.0 -1.0 0.0 
0.0 -1.0 2.0 2.0 2.0 2.0 -1.0 0.0 0.0 0.0 3.0 3.0 2.0 -1.0 
0.0 -1.0 1.0 1.0 1.0 2.0 2.0 -1.0 1.0 0.0 3.0 3.0 3.0 3.0 
0.0 -1.0 0.0 0.0 1.0 1.0 1.0 2.0 -1.0 0.0 0.0 3.0 0.0 3.0 
0.0 3.0 -1.0 1.0 1.0 0.0 1.0 2.0 2.0 -1.0 0.0 3.0 0.0 3.0 
0.0 3.0 2.0 -1.0 1.0 1.0 1.0 1.0 1.0 1.0 0.0 3.0 0.0 0.0 
0.0 3.0 3.0 3.0 -1.0 1.0 1.0 0.0 0.0 0.0 0.0 0.0 3.0 0.0 
0.0 0.0 0.0 0.0 3.0 -1.0 0.0 0.0 1.0 2.0 3.0 0.0 3.0 0.0 
0.0 0.0 3.0 0.0 3.0 3.0 -1.0 1.0 1.0 0.0 3.0 0.0 3.0 0.0 
1.0 0.0 3.0 3.0 0.0 3.0 3.0 -1.0 0.0 0.0 0.0 0.0 0.0 0.0 
0.0 0.0 0.0 3.0 0.0 3.0 3.0 9.0 -1.0 0.0 0.0 0.0 0.0 9.0 
