Round0
2.0 2.0 -1.0 2.0 2.0 1.0 1.0 1.0 9.0 
0.0 2.0 -1.0 2.0 2.0 2.0 0.0 2.0 3.0 
0.0 3.0 -1.0 0.0 3.0 3.0 3.0 3.0 3.0 
0.0 3.0 -1.0 0.0 -1.0 -1.0 -1.0 -1.0 -1.0 
0.0 2.0 -1.0 0.0 1.0 1.0 1.0 1.0 2.0 
1.0 2.0 -1.0 0.0 1.0 2.0 3.0 1.0 2.0 
0.0 3.0 -1.0 0.0 3.0 3.0 1.0 1.0 3.0 
2.0 2.0 2.0 2.0 3.0 3.0 1.0 2.0 0.0 
0.0 0.0 3.0 0.0 3.0 0.0 3.0 3.0 9.0 
Round1250
2.0 2.0 -1.0 1.0 1.0 1.0 1.0 1.0 9.0 
2.0 2.0 -1.0 1.0 1.0 1.0 0.0 0.0 0.0 
2.0 2.0 -1.0 1.0 0.0 0.0 0.0 0.0 0.0 
2.0 2.0 -1.0 0.0 -1.0 -1.0 -1.0 -1.0 -1.0 
2.0 2.0 -1.0 0.0 3.0 3.0 3.0 3.0 3.0 
2.0 2.0 -1.0 0.0 3.0 3.0 3.0 3.0 3.0 
2.0 2.0 -1.0 0.0 0.0 0.0 0.0 0.0 0.0 
1.0 1.0 1.0 0.0 0.0 3.0 3.0 3.0 0.0 
1.0 1.0 0.0 0.0 0.0 0.0 3.0 3.0 9.0 
Round2500
2.0 2.0 -1.0 1.0 1.0 1.0 1.0 1.0 9.0 
2.0 2.0 -1.0 1.0 1.0 1.0 0.0 0.0 0.0 
2.0 2.0 -1.0 1.0 0.0 0.0 0.0 0.0 0.0 
2.0 2.0 -1.0 0.0 -1.0 -1.0 -1.0 -1.0 -1.0 
2.0 2.0 -1.0 0.0 3.0 3.0 3.0 3.0 3.0 
2.0 2.0 -1.0 0.0 3.0 3.0 3.0 3.0 3.0 
2.0 2.0 -1.0 0.0 0.0 0.0 0.0 0.0 0.0 
1.0 1.0 1.0 0.0 0.0 3.0 3.0 3.0 0.0 
1.0 0.0 0.0 0.0 0.0 3.0 3.0 3.0 9.0 
Round3750
2.0 2.0 -1.0 1.0 1.0 1.0 1.0 1.0 9.0 
2.0 2.0 -1.0 1.0 1.0 1.0 0.0 0.0 0.0 
2.0 2.0 -1.0 1.0 0.0 0.0 0.0 0.0 0.0 
2.0 2.0 -1.0 0.0 -1.0 -1.0 -1.0 -1.0 -1.0 
2.0 2.0 -1.0 0.0 3.0 3.0 3.0 3.0 3.0 
1.0 2.0 -1.0 0.0 3.0 3.0 3.0 3.0 3.0 
1.0 2.0 -1.0 0.0 0.0 0.0 0.0 0.0 3.0 
1.0 1.0 1.0 0.0 0.0 3.0 3.0 0.0 0.0 
1.0 0.0 0.0 0.0 0.0 0.0 3.0 3.0 9.0 
Round5000
2.0 2.0 -1.0 1.0 1.0 1.0 1.0 1.0 9.0 
2.0 2.0 -1.0 1.0 1.0 1.0 0.0 0.0 0.0 
2.0 2.0 -1.0 1.0 0.0 0.0 0.0 0.0 0.0 
1.0 2.0 -1.0 0.0 -1.0 -1.0 -1.0 -1.0 -1.0 
1.0 2.0 -1.0 0.0 3.0 3.0 3.0 3.0 3.0 
1.0 2.0 -1.0 0.0 3.0 3.0 3.0 3.0 3.0 
1.0 2.0 -1.0 0.0 0.0 0.0 0.0 0.0 3.0 
1.0 1.0 1.0 0.0 0.0 3.0 3.0 0.0 0.0 
1.0 0.0 0.0 0.0 0.0 0.0 3.0 3.0 9.0 
Round6250
1.0 2.0 -1.0 1.0 1.0 1.0 1.0 1.0 9.0 
1.0 2.0 -1.0 1.0 1.0 1.0 0.0 0.0 0.0 
1.0 2.0 -1.0 1.0 0.0 0.0 0.0 0.0 0.0 
1.0 2.0 -1.0 0.0 -1.0 -1.0 -1.0 -1.0 -1.0 
1.0 2.0 -1.0 0.0 3.0 3.0 3.0 3.0 3.0 
1.0 2.0 -1.0 0.0 3.0 3.0 3.0 3.0 3.0 
1.0 2.0 -1.0 0.0 0.0 0.0 0.0 0.0 3.0 
1.0 1.0 1.0 0.0 3.0 3.0 3.0 0.0 0.0 
1.0 0.0 0.0 0.0 0.0 0.0 3.0 3.0 9.0 
Round7500
1.0 2.0 -1.0 1.0 1.0 1.0 1.0 1.0 9.0 
1.0 2.0 -1.0 1.0 1.0 1.0 0.0 0.0 0.0 
1.0 2.0 -1.0 1.0 0.0 0.0 0.0 0.0 0.0 
1.0 2.0 -1.0 0.0 -1.0 -1.0 -1.0 -1.0 -1.0 
1.0 2.0 -1.0 0.0 3.0 3.0 3.0 3.0 3.0 
1.0 2.0 -1.0 0.0 3.0 3.0 3.0 3.0 3.0 
1.0 2.0 -1.0 0.0 0.0 0.0 0.0 0.0 3.0 
1.0 1.0 1.0 0.0 3.0 3.0 3.0 0.0 0.0 
0.0 0.0 0.0 0.0 0.0 0.0 3.0 3.0 9.0 
Round8750
1.0 2.0 -1.0 1.0 1.0 1.0 1.0 1.0 9.0 
1.0 2.0 -1.0 1.0 1.0 1.0 0.0 0.0 0.0 
1.0 2.0 -1.0 1.0 0.0 0.0 0.0 0.0 0.0 
1.0 2.0 -1.0 0.0 -1.0 -1.0 -1.0 -1.0 -1.0 
1.0 2.0 -1.0 0.0 3.0 3.0 3.0 3.0 3.0 
1.0 2.0 -1.0 0.0 3.0 3.0 3.0 3.0 3.0 
1.0 2.0 -1.0 0.0 3.0 0.0 0.0 0.0 3.0 
1.0 1.0 1.0 0.0 3.0 3.0 3.0 0.0 0.0 
0.0 0.0 0.0 0.0 0.0 0.0 3.0 3.0 9.0 
Round9999
1.0 2.0 -1.0 1.0 1.0 1.0 1.0 1.0 9.0 
1.0 2.0 -1.0 1.0 1.0 1.0 0.0 0.0 0.0 
1.0 2.0 -1.0 1.0 0.0 0.0 0.0 0.0 0.0 
1.0 2.0 -1.0 0.0 -1.0 -1.0 -1.0 -1.0 -1.0 
1.0 2.0 -1.0 0.0 3.0 3.0 3.0 3.0 3.0 
1.0 2.0 -1.0 0.0 3.0 3.0 3.0 3.0 3.0 
1.0 2.0 -1.0 0.0 3.0 0.0 0.0 0.0 3.0 
1.0 1.0 1.0 0.0 3.0 3.0 3.0 0.0 0.0 
0.0 0.0 0.0 0.0 0.0 0.0 3.0 3.0 9.0 
