Round0
1.37 0.542 nan 0.361 11.87 14.3 17.0 20.0 0.0 
-0.031 -0.037 nan -0.883 9.683 4.349 1.115 1.004 0.251 
1.555 -0.129 nan -0.187 0.151 0.336 -0.098 -0.4 -0.276 
-0.078 0.454 nan 0.72 nan nan nan nan nan 
1.16 -0.029 nan -2.952 -0.542 -0.185 -0.621 0.279 -0.318 
0.099 0.198 nan -0.912 0.115 0.476 -1.256 0.003 -0.701 
-0.145 1.407 nan 1.317 -0.45 0.132 0.259 0.629 -1.052 
-0.662 0.047 0.937 -1.032 -1.494 0.289 -0.252 0.79 -0.266 
-0.279 -0.082 0.452 -0.262 1.167 0.595 -0.106 0.043 0.0 
Round1250
-9.95 -9.941 nan -0.691 2.649 8.347 14.477 19.375 0.0 
-9.931 -9.908 nan -0.738 2.004 5.854 10.026 13.19 16.383 
-9.865 -9.873 nan -1.942 -0.441 1.392 3.815 7.429 10.712 
-9.839 -9.781 nan -3.621 nan nan nan nan nan 
-9.755 -9.745 nan -4.618 -6.533 -7.818 -8.508 -9.231 -9.791 
-9.671 -9.661 nan -6.131 -6.992 -8.128 -8.714 -9.288 -9.842 
-9.528 -9.496 nan -7.585 -8.207 -8.887 -9.48 -9.974 -10.848 
-9.416 -9.134 -8.729 -8.301 -8.597 -9.187 -9.782 -11.227 -14.249 
-9.538 -9.301 -9.044 -8.94 -9.239 -9.655 -11.139 -13.891 0.0 
Round2500
-9.832 -9.83 nan -0.396 3.225 8.479 14.761 19.48 0.0 
-9.784 -9.792 nan -0.345 2.64 6.32 10.514 13.475 16.728 
-9.744 -9.707 nan -1.363 0.21 1.953 4.374 8.511 11.024 
-9.669 -9.598 nan -3.025 nan nan nan nan nan 
-9.541 -9.487 nan -4.038 -6.173 -7.462 -8.253 -8.776 -9.323 
-9.413 -9.348 nan -5.579 -6.539 -7.71 -8.313 -8.867 -9.408 
-9.312 -9.171 nan -7.166 -7.799 -8.577 -9.045 -9.505 -10.211 
-9.105 -8.733 -8.371 -7.938 -8.334 -8.939 -9.444 -10.881 -13.59 
-9.213 -9.021 -8.834 -8.707 -8.929 -9.406 -10.398 -13.238 0.0 
Round3750
-9.705 -9.716 nan 0.217 3.774 8.722 15.062 19.576 0.0 
-9.684 -9.63 nan 0.176 3.127 6.7 10.818 13.768 16.885 
-9.58 -9.516 nan -0.826 0.679 2.532 4.953 8.982 11.204 
-9.503 -9.384 nan -2.452 nan nan nan nan nan 
-9.367 -9.226 nan -3.507 -5.799 -7.134 -7.951 -8.576 -9.138 
-9.217 -9.073 nan -5.127 -6.199 -7.39 -8.023 -8.536 -9.205 
-9.104 -8.847 nan -6.753 -7.4 -8.311 -8.749 -9.08 -10.064 
-8.918 -8.4 -7.995 -7.534 -8.034 -8.628 -9.225 -10.496 -13.548 
-9.058 -8.841 -8.57 -8.474 -8.72 -9.054 -10.004 -12.524 0.0 
Round5000
-9.565 -9.583 nan 0.75 4.21 9.107 15.305 19.653 0.0 
-9.552 -9.485 nan 0.658 3.807 7.199 11.147 14.035 17.084 
-9.455 -9.34 nan -0.185 1.383 2.934 5.377 9.158 11.412 
-9.328 -9.156 nan -1.789 nan nan nan nan nan 
-9.204 -8.941 nan -2.894 -5.33 -6.761 -7.611 -8.277 -8.838 
-9.052 -8.703 nan -4.551 -5.701 -6.908 -7.59 -8.147 -8.933 
-8.975 -8.426 nan -6.292 -7.002 -7.876 -8.368 -8.669 -9.744 
-8.801 -8.015 -7.569 -7.087 -7.674 -8.211 -8.874 -10.028 -13.037 
-9.031 -8.672 -8.309 -8.262 -8.428 -8.617 -9.464 -11.669 0.0 
Round6250
-9.455 -9.401 nan 1.117 4.609 9.44 15.519 19.71 0.0 
-9.403 -9.245 nan 1.037 4.397 7.644 11.438 14.247 17.319 
-9.348 -9.039 nan 0.421 2.055 3.4 5.81 9.362 11.781 
-9.281 -8.836 nan -1.176 nan nan nan nan nan 
-9.094 -8.6 nan -2.326 -4.933 -6.348 -7.187 -7.84 -8.394 
-8.884 -8.311 nan -3.994 -5.267 -6.438 -7.121 -7.666 -8.539 
-8.81 -7.989 nan -5.745 -6.666 -7.608 -8.043 -8.225 -9.212 
-8.563 -7.566 -7.101 -6.538 -7.275 -7.805 -8.591 -9.725 -12.723 
-8.951 -8.49 -8.156 -7.987 -8.192 -8.35 -9.158 -11.412 0.0 
Round7500
-9.317 -9.18 nan 1.471 5.021 9.724 15.693 19.753 0.0 
-9.31 -8.97 nan 1.357 4.964 8.069 11.739 14.407 17.472 
-9.279 -8.761 nan 1.001 2.674 3.706 6.064 9.517 12.062 
-9.231 -8.527 nan -0.592 nan nan nan nan nan 
-9.007 -8.242 nan -1.787 -4.553 -5.895 -6.745 -7.44 -7.952 
-8.662 -7.886 nan -3.454 -4.946 -6.094 -6.768 -7.329 -8.339 
-8.632 -7.534 nan -5.098 -6.487 -7.411 -7.794 -7.828 -8.857 
-8.309 -7.11 -6.585 -5.873 -6.899 -7.454 -8.372 -9.382 -12.235 
-8.876 -8.401 -7.923 -7.74 -7.9 -8.011 -8.736 -10.824 0.0 
Round8750
-9.132 -8.912 nan 1.705 5.334 9.951 15.85 19.788 0.0 
-9.241 -8.67 nan 1.622 5.532 8.497 12.026 14.542 17.591 
-9.225 -8.47 nan 1.552 3.266 3.923 6.291 9.628 12.29 
-9.175 -8.206 nan -0.035 nan nan nan nan nan 
-8.965 -7.902 nan -1.262 -4.185 -5.483 -6.25 -6.928 -7.525 
-8.463 -7.489 nan -2.929 -4.577 -5.658 -6.288 -6.846 -8.016 
-8.563 -7.119 nan -4.526 -6.315 -7.235 -7.538 -7.373 -8.461 
-8.147 -6.686 -6.126 -5.292 -6.515 -7.046 -8.129 -9.087 -12.093 
-8.849 -8.318 -7.721 -7.562 -7.67 -7.61 -8.264 -10.347 0.0 
Round9999
-8.997 -8.707 nan 1.917 5.533 10.1 15.996 19.815 0.0 
-9.216 -8.43 nan 1.786 6.032 8.9 12.306 14.607 17.739 
-9.182 -8.187 nan 2.046 3.804 4.082 6.401 9.771 12.549 
-9.156 -7.882 nan 0.461 nan nan nan nan nan 
-8.941 -7.521 nan -0.791 -3.889 -5.081 -5.825 -6.51 -7.052 
-8.3 -7.062 nan -2.434 -4.287 -5.254 -5.844 -6.422 -7.723 
-8.531 -6.68 nan -3.952 -6.228 -7.078 -7.356 -6.95 -8.189 
-8.016 -6.258 -5.644 -4.725 -6.135 -6.65 -7.945 -8.791 -12.014 
-8.831 -8.303 -7.563 -7.499 -7.465 -7.204 -7.821 -9.81 0.0 
