Round0
1.0 2.0 -1.0 1.0 9.0 
0.0 2.0 -1.0 0.0 0.0 
1.0 3.0 -1.0 1.0 2.0 
0.0 2.0 2.0 1.0 2.0 
0.0 3.0 0.0 3.0 9.0 
Round12
1.0 2.0 -1.0 1.0 9.0 
2.0 0.0 -1.0 0.0 0.0 
2.0 2.0 -1.0 0.0 0.0 
2.0 1.0 1.0 0.0 3.0 
1.0 3.0 0.0 0.0 9.0 
Round25
1.0 2.0 -1.0 1.0 9.0 
2.0 2.0 -1.0 0.0 0.0 
2.0 2.0 -1.0 0.0 0.0 
1.0 1.0 1.0 0.0 0.0 
1.0 0.0 0.0 0.0 9.0 
Round37
1.0 2.0 -1.0 1.0 9.0 
2.0 2.0 -1.0 0.0 0.0 
2.0 2.0 -1.0 0.0 0.0 
1.0 1.0 1.0 0.0 0.0 
0.0 0.0 0.0 0.0 9.0 
Round50
1.0 2.0 -1.0 1.0 9.0 
2.0 2.0 -1.0 0.0 0.0 
1.0 2.0 -1.0 0.0 0.0 
1.0 1.0 1.0 0.0 0.0 
1.0 0.0 0.0 0.0 9.0 
Round62
1.0 2.0 -1.0 1.0 9.0 
2.0 2.0 -1.0 0.0 0.0 
1.0 2.0 -1.0 0.0 0.0 
1.0 1.0 1.0 0.0 0.0 
0.0 0.0 0.0 0.0 9.0 
Round75
1.0 2.0 -1.0 1.0 9.0 
2.0 2.0 -1.0 0.0 0.0 
1.0 2.0 -1.0 0.0 0.0 
1.0 1.0 1.0 0.0 0.0 
1.0 0.0 0.0 0.0 9.0 
Round87
1.0 2.0 -1.0 1.0 9.0 
2.0 2.0 -1.0 0.0 0.0 
1.0 2.0 -1.0 0.0 0.0 
1.0 1.0 1.0 0.0 0.0 
1.0 0.0 0.0 0.0 9.0 
Round99
1.0 2.0 -1.0 1.0 9.0 
2.0 2.0 -1.0 0.0 0.0 
1.0 2.0 -1.0 0.0 0.0 
1.0 1.0 1.0 0.0 0.0 
1.0 0.0 0.0 0.0 9.0 
