Round0
0.148 -1.241 nan 0.877 0.0 
1.801 -1.458 nan 0.353 -10.0 
-0.862 -0.55 nan -1.747 -10.0 
0.875 -0.374 0.2 -0.265 -10.0 
1.101 1.729 -0.761 -0.242 0.0 
Round12
-9.114 -8.405 nan 8.28 0.0 
-9.015 -8.792 nan 7.572 7.143 
-6.866 -6.882 nan 6.2 1.475 
-4.551 -3.453 -0.912 0.471 -6.104 
-2.136 -3.587 -4.691 -3.641 0.0 
Round25
-6.608 -4.683 nan 9.375 0.0 
-7.503 -6.122 nan 7.799 6.475 
-5.457 -4.001 nan 5.745 2.093 
-4.017 -1.546 0.677 1.932 -5.216 
-3.87 -3.831 -3.915 -3.685 0.0 
Round37
-6.434 -5.267 nan 9.656 0.0 
-6.583 -5.643 nan 7.873 6.439 
-4.638 -3.871 nan 5.604 3.193 
-3.41 -1.472 0.509 2.227 -2.714 
-3.87 -3.883 -3.605 -3.685 0.0 
Round50
-5.911 -4.384 nan 9.644 0.0 
-5.94 -4.788 nan 7.91 6.795 
-4.601 -3.179 nan 5.691 3.193 
-3.442 -1.162 0.691 2.331 -3.442 
-3.69 -3.436 -2.784 -3.63 0.0 
Round62
-5.911 -4.153 nan 9.703 0.0 
-5.94 -4.253 nan 7.796 7.535 
-3.774 -2.507 nan 5.619 4.205 
-3.013 -0.632 1.152 2.637 -2.566 
-3.69 -3.278 -2.784 -3.406 0.0 
Round75
-5.911 -4.168 nan 9.768 0.0 
-5.94 -4.326 nan 7.828 7.79 
-3.774 -2.588 nan 5.552 4.723 
-2.932 -0.724 1.218 2.798 -1.835 
-3.546 -2.924 -2.286 -2.041 0.0 
Round87
-5.606 -3.982 nan 9.802 0.0 
-5.94 -4.171 nan 7.847 8.058 
-3.774 -2.419 nan 5.62 5.116 
-2.932 -0.493 1.422 2.968 -0.687 
-3.546 -2.715 -2.286 -2.041 0.0 
Round99
-5.127 -3.677 nan 9.825 0.0 
-5.94 -3.894 nan 7.865 8.313 
-3.507 -2.065 nan 5.641 5.514 
-2.932 -0.301 1.562 3.111 0.528 
-3.546 -2.715 -2.286 -1.552 0.0 
