Round1
9.0 2.0 2.0 -1.0 1.0 2.0 1.0 2.0 3.0 2.0 1.0 2.0 1.0 9.0 
1.0 2.0 3.0 -1.0 2.0 0.0 1.0 0.0 1.0 2.0 1.0 1.0 3.0 0.0 
1.0 0.0 2.0 -1.0 1.0 3.0 0.0 -1.0 1.0 0.0 3.0 0.0 0.0 0.0 
2.0 -1.0 2.0 -1.0 2.0 2.0 1.0 2.0 -1.0 0.0 1.0 0.0 3.0 0.0 
0.0 -1.0 0.0 -1.0 2.0 3.0 3.0 0.0 2.0 -1.0 1.0 0.0 0.0 2.0 
2.0 -1.0 2.0 -1.0 0.0 3.0 3.0 1.0 2.0 2.0 -1.0 0.0 1.0 0.0 
2.0 -1.0 0.0 2.0 -1.0 0.0 2.0 1.0 1.0 1.0 3.0 -1.0 1.0 0.0 
0.0 -1.0 1.0 2.0 3.0 -1.0 0.0 3.0 2.0 0.0 0.0 2.0 -1.0 0.0 
0.0 -1.0 2.0 0.0 2.0 2.0 -1.0 1.0 1.0 3.0 3.0 2.0 3.0 -1.0 
2.0 -1.0 2.0 2.0 1.0 2.0 3.0 -1.0 0.0 0.0 1.0 0.0 3.0 2.0 
0.0 -1.0 1.0 3.0 3.0 0.0 3.0 3.0 -1.0 1.0 2.0 0.0 1.0 0.0 
0.0 2.0 -1.0 0.0 2.0 3.0 2.0 3.0 2.0 -1.0 2.0 1.0 0.0 2.0 
1.0 2.0 2.0 -1.0 0.0 3.0 2.0 3.0 2.0 2.0 1.0 3.0 1.0 3.0 
1.0 1.0 3.0 3.0 -1.0 1.0 0.0 1.0 1.0 3.0 3.0 0.0 3.0 0.0 
2.0 0.0 0.0 2.0 2.0 -1.0 0.0 2.0 0.0 0.0 0.0 0.0 3.0 2.0 
1.0 3.0 1.0 1.0 3.0 3.0 -1.0 0.0 2.0 2.0 2.0 0.0 1.0 3.0 
0.0 2.0 3.0 0.0 0.0 3.0 3.0 -1.0 1.0 1.0 3.0 3.0 2.0 0.0 
1.0 0.0 3.0 0.0 3.0 0.0 1.0 3.0 -1.0 0.0 0.0 1.0 0.0 3.0 
Round2
9.0 2.0 2.0 -1.0 2.0 1.0 1.0 3.0 1.0 2.0 1.0 1.0 1.0 9.0 
1.0 1.0 2.0 -1.0 0.0 3.0 0.0 1.0 1.0 1.0 1.0 1.0 0.0 0.0 
1.0 1.0 0.0 -1.0 2.0 1.0 2.0 -1.0 0.0 0.0 1.0 0.0 1.0 0.0 
0.0 -1.0 0.0 -1.0 2.0 3.0 0.0 3.0 -1.0 1.0 1.0 0.0 1.0 0.0 
2.0 -1.0 2.0 -1.0 0.0 3.0 0.0 1.0 2.0 -1.0 0.0 0.0 1.0 0.0 
2.0 -1.0 2.0 -1.0 0.0 0.0 1.0 1.0 1.0 2.0 -1.0 1.0 1.0 0.0 
2.0 -1.0 1.0 2.0 -1.0 1.0 1.0 1.0 2.0 0.0 3.0 -1.0 0.0 0.0 
0.0 -1.0 2.0 0.0 2.0 -1.0 0.0 1.0 0.0 3.0 1.0 2.0 -1.0 0.0 
0.0 -1.0 0.0 2.0 1.0 2.0 -1.0 1.0 0.0 3.0 1.0 0.0 3.0 -1.0 
0.0 -1.0 1.0 1.0 3.0 0.0 3.0 -1.0 0.0 1.0 1.0 0.0 1.0 2.0 
0.0 -1.0 0.0 0.0 2.0 2.0 2.0 2.0 -1.0 0.0 0.0 1.0 1.0 2.0 
1.0 2.0 -1.0 1.0 1.0 3.0 3.0 3.0 2.0 -1.0 1.0 3.0 1.0 2.0 
1.0 1.0 3.0 -1.0 0.0 0.0 0.0 1.0 1.0 3.0 3.0 1.0 1.0 0.0 
2.0 0.0 0.0 2.0 -1.0 0.0 1.0 2.0 0.0 0.0 3.0 3.0 0.0 0.0 
0.0 3.0 1.0 1.0 3.0 -1.0 1.0 0.0 2.0 0.0 2.0 3.0 1.0 0.0 
0.0 1.0 1.0 0.0 0.0 3.0 -1.0 1.0 3.0 1.0 2.0 3.0 2.0 0.0 
1.0 1.0 0.0 0.0 0.0 0.0 2.0 -1.0 1.0 1.0 0.0 3.0 0.0 3.0 
1.0 0.0 0.0 0.0 0.0 1.0 1.0 3.0 -1.0 0.0 0.0 0.0 0.0 3.0 
Round3
9.0 1.0 2.0 -1.0 1.0 3.0 3.0 1.0 1.0 1.0 1.0 1.0 1.0 9.0 
1.0 1.0 2.0 -1.0 2.0 0.0 1.0 1.0 1.0 1.0 1.0 0.0 0.0 0.0 
1.0 1.0 0.0 -1.0 2.0 3.0 2.0 -1.0 0.0 1.0 0.0 1.0 0.0 0.0 
0.0 -1.0 0.0 -1.0 0.0 3.0 0.0 2.0 -1.0 1.0 0.0 1.0 0.0 0.0 
2.0 -1.0 0.0 -1.0 0.0 0.0 1.0 1.0 2.0 -1.0 0.0 1.0 0.0 0.0 
2.0 -1.0 2.0 -1.0 0.0 1.0 1.0 1.0 2.0 3.0 -1.0 1.0 1.0 0.0 
0.0 -1.0 2.0 3.0 -1.0 1.0 1.0 1.0 0.0 3.0 2.0 -1.0 1.0 0.0 
0.0 -1.0 0.0 2.0 2.0 -1.0 1.0 0.0 0.0 3.0 1.0 3.0 -1.0 0.0 
0.0 -1.0 1.0 1.0 3.0 3.0 -1.0 0.0 3.0 1.0 0.0 0.0 2.0 -1.0 
0.0 -1.0 1.0 0.0 2.0 2.0 2.0 -1.0 1.0 1.0 0.0 1.0 1.0 2.0 
2.0 -1.0 0.0 1.0 1.0 3.0 3.0 3.0 -1.0 0.0 1.0 1.0 1.0 2.0 
1.0 2.0 -1.0 1.0 0.0 0.0 0.0 1.0 2.0 -1.0 0.0 1.0 1.0 0.0 
2.0 0.0 3.0 -1.0 0.0 0.0 1.0 2.0 0.0 3.0 1.0 1.0 0.0 0.0 
0.0 3.0 1.0 2.0 -1.0 1.0 1.0 0.0 2.0 0.0 2.0 0.0 0.0 0.0 
0.0 1.0 1.0 0.0 3.0 -1.0 0.0 1.0 2.0 1.0 1.0 3.0 3.0 3.0 
1.0 1.0 0.0 0.0 0.0 3.0 -1.0 1.0 1.0 1.0 0.0 0.0 0.0 3.0 
0.0 0.0 0.0 0.0 0.0 1.0 2.0 -1.0 1.0 0.0 0.0 0.0 0.0 3.0 
0.0 0.0 0.0 0.0 1.0 1.0 0.0 3.0 -1.0 0.0 0.0 0.0 0.0 0.0 
Round4
9.0 1.0 2.0 -1.0 2.0 3.0 1.0 1.0 1.0 1.0 1.0 1.0 1.0 9.0 
1.0 1.0 0.0 -1.0 0.0 3.0 1.0 1.0 1.0 1.0 0.0 0.0 0.0 0.0 
1.0 0.0 0.0 -1.0 0.0 3.0 0.0 -1.0 1.0 0.0 1.0 0.0 0.0 0.0 
0.0 -1.0 0.0 -1.0 0.0 0.0 1.0 2.0 -1.0 0.0 1.0 0.0 0.0 0.0 
0.0 -1.0 2.0 -1.0 0.0 1.0 1.0 1.0 2.0 -1.0 1.0 0.0 0.0 0.0 
0.0 -1.0 2.0 -1.0 1.0 1.0 1.0 1.0 0.0 3.0 -1.0 1.0 0.0 0.0 
0.0 -1.0 0.0 2.0 -1.0 1.0 1.0 0.0 0.0 0.0 2.0 -1.0 0.0 0.0 
0.0 -1.0 1.0 1.0 3.0 -1.0 0.0 0.0 0.0 1.0 0.0 3.0 -1.0 0.0 
0.0 -1.0 1.0 0.0 2.0 2.0 -1.0 0.0 1.0 1.0 0.0 1.0 2.0 -1.0 
2.0 -1.0 0.0 1.0 1.0 3.0 3.0 -1.0 1.0 0.0 1.0 1.0 1.0 2.0 
2.0 -1.0 1.0 1.0 0.0 0.0 0.0 2.0 -1.0 1.0 1.0 1.0 1.0 0.0 
2.0 3.0 -1.0 0.0 0.0 0.0 1.0 2.0 3.0 -1.0 1.0 1.0 0.0 0.0 
0.0 3.0 2.0 -1.0 0.0 1.0 1.0 0.0 2.0 1.0 2.0 0.0 0.0 0.0 
0.0 1.0 1.0 3.0 -1.0 1.0 0.0 1.0 2.0 1.0 0.0 3.0 0.0 0.0 
1.0 1.0 0.0 0.0 3.0 -1.0 1.0 1.0 1.0 1.0 0.0 3.0 3.0 3.0 
2.0 0.0 0.0 0.0 0.0 2.0 -1.0 1.0 1.0 0.0 0.0 0.0 0.0 0.0 
0.0 3.0 0.0 0.0 1.0 1.0 3.0 -1.0 0.0 0.0 0.0 0.0 0.0 0.0 
0.0 3.0 0.0 1.0 1.0 0.0 0.0 3.0 -1.0 0.0 0.0 0.0 0.0 0.0 
Round5
9.0 1.0 3.0 -1.0 1.0 3.0 3.0 1.0 1.0 1.0 1.0 1.0 1.0 9.0 
1.0 0.0 0.0 -1.0 0.0 0.0 3.0 1.0 1.0 0.0 0.0 0.0 0.0 0.0 
0.0 0.0 0.0 -1.0 0.0 0.0 2.0 -1.0 0.0 1.0 0.0 0.0 0.0 0.0 
0.0 -1.0 2.0 -1.0 0.0 1.0 1.0 2.0 -1.0 1.0 0.0 0.0 0.0 0.0 
0.0 -1.0 2.0 -1.0 1.0 1.0 1.0 1.0 3.0 -1.0 0.0 0.0 0.0 0.0 
0.0 -1.0 0.0 -1.0 1.0 1.0 1.0 0.0 0.0 3.0 -1.0 0.0 0.0 0.0 
0.0 -1.0 1.0 2.0 -1.0 1.0 0.0 0.0 0.0 1.0 2.0 -1.0 0.0 0.0 
0.0 -1.0 1.0 0.0 2.0 -1.0 0.0 0.0 1.0 1.0 0.0 2.0 -1.0 0.0 
2.0 -1.0 0.0 1.0 1.0 3.0 -1.0 1.0 1.0 0.0 1.0 1.0 2.0 -1.0 
2.0 -1.0 1.0 1.0 0.0 0.0 3.0 -1.0 0.0 1.0 1.0 1.0 1.0 3.0 
2.0 -1.0 1.0 0.0 0.0 0.0 1.0 2.0 -1.0 1.0 1.0 1.0 0.0 0.0 
0.0 3.0 -1.0 0.0 0.0 1.0 1.0 0.0 2.0 -1.0 2.0 0.0 0.0 0.0 
0.0 1.0 2.0 -1.0 1.0 1.0 0.0 1.0 1.0 1.0 0.0 3.0 0.0 0.0 
1.0 1.0 0.0 3.0 -1.0 0.0 1.0 1.0 1.0 0.0 0.0 3.0 3.0 0.0 
2.0 0.0 0.0 0.0 3.0 -1.0 1.0 1.0 1.0 0.0 0.0 0.0 3.0 3.0 
0.0 3.0 0.0 0.0 1.0 2.0 -1.0 1.0 0.0 0.0 0.0 0.0 0.0 0.0 
0.0 3.0 3.0 1.0 1.0 0.0 3.0 -1.0 0.0 0.0 0.0 0.0 0.0 0.0 
0.0 0.0 1.0 1.0 0.0 0.0 0.0 3.0 -1.0 0.0 0.0 0.0 0.0 0.0 
Round6
9.0 1.0 3.0 -1.0 1.0 3.0 3.0 1.0 1.0 1.0 1.0 1.0 1.0 9.0 
1.0 0.0 0.0 -1.0 0.0 0.0 1.0 1.0 0.0 0.0 0.0 0.0 0.0 0.0 
0.0 0.0 2.0 -1.0 0.0 1.0 2.0 -1.0 1.0 0.0 0.0 0.0 0.0 0.0 
0.0 -1.0 2.0 -1.0 1.0 1.0 1.0 2.0 -1.0 0.0 0.0 0.0 0.0 0.0 
0.0 -1.0 0.0 -1.0 1.0 1.0 1.0 0.0 3.0 -1.0 0.0 0.0 0.0 0.0 
0.0 -1.0 2.0 -1.0 1.0 1.0 0.0 0.0 0.0 2.0 -1.0 0.0 0.0 0.0 
0.0 -1.0 1.0 3.0 -1.0 0.0 0.0 0.0 1.0 1.0 3.0 -1.0 0.0 0.0 
2.0 -1.0 0.0 1.0 2.0 -1.0 0.0 1.0 1.0 0.0 1.0 2.0 -1.0 0.0 
2.0 -1.0 1.0 1.0 0.0 3.0 -1.0 1.0 0.0 1.0 1.0 1.0 2.0 -1.0 
2.0 -1.0 1.0 0.0 0.0 0.0 2.0 -1.0 1.0 1.0 1.0 1.0 0.0 3.0 
0.0 -1.0 0.0 0.0 0.0 1.0 1.0 3.0 -1.0 1.0 2.0 0.0 0.0 0.0 
0.0 2.0 -1.0 0.0 1.0 1.0 0.0 1.0 2.0 -1.0 0.0 3.0 0.0 0.0 
1.0 1.0 3.0 -1.0 1.0 0.0 1.0 1.0 1.0 3.0 0.0 3.0 3.0 0.0 
2.0 0.0 0.0 3.0 -1.0 1.0 1.0 1.0 0.0 0.0 0.0 0.0 3.0 3.0 
0.0 3.0 0.0 0.0 2.0 -1.0 1.0 1.0 0.0 0.0 0.0 0.0 0.0 3.0 
0.0 3.0 3.0 1.0 1.0 3.0 -1.0 0.0 0.0 0.0 0.0 0.0 0.0 0.0 
0.0 0.0 1.0 1.0 0.0 0.0 3.0 -1.0 0.0 0.0 0.0 0.0 0.0 0.0 
0.0 1.0 1.0 0.0 0.0 0.0 0.0 3.0 -1.0 0.0 0.0 0.0 0.0 0.0 
Round7
9.0 1.0 3.0 -1.0 1.0 3.0 1.0 1.0 1.0 1.0 1.0 1.0 1.0 9.0 
1.0 0.0 2.0 -1.0 0.0 1.0 1.0 0.0 0.0 0.0 0.0 0.0 0.0 0.0 
0.0 1.0 2.0 -1.0 1.0 1.0 0.0 -1.0 0.0 0.0 0.0 0.0 0.0 0.0 
0.0 -1.0 0.0 -1.0 1.0 1.0 1.0 3.0 -1.0 0.0 0.0 0.0 0.0 0.0 
0.0 -1.0 2.0 -1.0 1.0 1.0 0.0 0.0 3.0 -1.0 0.0 0.0 0.0 0.0 
0.0 -1.0 2.0 -1.0 1.0 0.0 0.0 0.0 1.0 2.0 -1.0 0.0 0.0 0.0 
2.0 -1.0 0.0 2.0 -1.0 0.0 0.0 1.0 1.0 0.0 2.0 -1.0 0.0 0.0 
2.0 -1.0 1.0 1.0 3.0 -1.0 1.0 1.0 0.0 1.0 1.0 2.0 -1.0 0.0 
2.0 -1.0 1.0 0.0 0.0 3.0 -1.0 0.0 1.0 1.0 1.0 1.0 3.0 -1.0 
0.0 -1.0 0.0 0.0 0.0 1.0 2.0 -1.0 1.0 1.0 2.0 0.0 0.0 3.0 
0.0 -1.0 0.0 0.0 1.0 1.0 0.0 2.0 -1.0 1.0 0.0 3.0 0.0 0.0 
1.0 2.0 -1.0 1.0 1.0 0.0 1.0 1.0 2.0 -1.0 0.0 3.0 3.0 0.0 
2.0 0.0 3.0 -1.0 0.0 1.0 1.0 1.0 0.0 3.0 0.0 0.0 3.0 3.0 
0.0 3.0 0.0 3.0 -1.0 1.0 1.0 0.0 0.0 0.0 0.0 0.0 0.0 3.0 
0.0 3.0 3.0 1.0 2.0 -1.0 1.0 0.0 0.0 0.0 0.0 0.0 0.0 0.0 
0.0 0.0 1.0 1.0 0.0 3.0 -1.0 0.0 0.0 0.0 0.0 0.0 0.0 0.0 
0.0 1.0 1.0 0.0 0.0 0.0 3.0 -1.0 0.0 0.0 0.0 0.0 0.0 0.0 
1.0 1.0 0.0 0.0 0.0 0.0 0.0 3.0 -1.0 0.0 0.0 0.0 0.0 0.0 
Round8
9.0 1.0 2.0 -1.0 1.0 1.0 1.0 1.0 1.0 1.0 1.0 1.0 1.0 9.0 
1.0 1.0 2.0 -1.0 1.0 1.0 0.0 0.0 0.0 0.0 0.0 0.0 0.0 0.0 
1.0 1.0 0.0 -1.0 1.0 0.0 2.0 -1.0 0.0 0.0 0.0 0.0 0.0 0.0 
0.0 -1.0 2.0 -1.0 1.0 1.0 3.0 3.0 -1.0 0.0 0.0 0.0 0.0 0.0 
0.0 -1.0 2.0 -1.0 1.0 0.0 0.0 0.0 2.0 -1.0 0.0 0.0 0.0 0.0 
2.0 -1.0 0.0 -1.0 0.0 0.0 0.0 1.0 1.0 3.0 -1.0 0.0 0.0 0.0 
2.0 -1.0 1.0 2.0 -1.0 0.0 1.0 1.0 0.0 1.0 2.0 -1.0 0.0 0.0 
2.0 -1.0 1.0 0.0 3.0 -1.0 1.0 0.0 1.0 1.0 1.0 2.0 -1.0 0.0 
0.0 -1.0 0.0 0.0 0.0 2.0 -1.0 1.0 1.0 1.0 2.0 0.0 3.0 -1.0 
0.0 -1.0 0.0 0.0 1.0 1.0 3.0 -1.0 1.0 1.0 0.0 3.0 0.0 3.0 
2.0 -1.0 0.0 1.0 1.0 0.0 1.0 2.0 -1.0 0.0 0.0 3.0 3.0 0.0 
2.0 3.0 -1.0 1.0 0.0 1.0 1.0 1.0 3.0 -1.0 0.0 0.0 3.0 3.0 
0.0 3.0 3.0 -1.0 1.0 1.0 1.0 0.0 0.0 3.0 0.0 0.0 0.0 3.0 
0.0 3.0 3.0 2.0 -1.0 1.0 0.0 0.0 0.0 0.0 0.0 0.0 0.0 0.0 
0.0 0.0 1.0 1.0 3.0 -1.0 0.0 0.0 0.0 0.0 0.0 0.0 0.0 0.0 
0.0 1.0 1.0 0.0 0.0 3.0 -1.0 0.0 0.0 0.0 0.0 0.0 0.0 0.0 
1.0 1.0 0.0 0.0 0.0 0.0 3.0 -1.0 0.0 0.0 0.0 0.0 0.0 0.0 
1.0 0.0 0.0 0.0 0.0 0.0 0.0 3.0 -1.0 0.0 0.0 0.0 0.0 0.0 
Round9
9.0 1.0 2.0 -1.0 1.0 1.0 1.0 1.0 1.0 1.0 1.0 1.0 1.0 9.0 
1.0 1.0 0.0 -1.0 1.0 0.0 0.0 0.0 0.0 0.0 0.0 0.0 0.0 0.0 
2.0 0.0 2.0 -1.0 0.0 1.0 0.0 -1.0 0.0 0.0 0.0 0.0 0.0 0.0 
0.0 -1.0 2.0 -1.0 1.0 3.0 0.0 3.0 -1.0 0.0 0.0 0.0 0.0 0.0 
0.0 -1.0 0.0 -1.0 0.0 0.0 0.0 1.0 2.0 -1.0 0.0 0.0 0.0 0.0 
2.0 -1.0 2.0 -1.0 0.0 0.0 1.0 1.0 0.0 2.0 -1.0 0.0 0.0 0.0 
2.0 -1.0 1.0 3.0 -1.0 1.0 1.0 0.0 1.0 1.0 2.0 -1.0 0.0 0.0 
0.0 -1.0 0.0 0.0 3.0 -1.0 0.0 1.0 1.0 1.0 2.0 3.0 -1.0 0.0 
0.0 -1.0 0.0 0.0 1.0 2.0 -1.0 1.0 1.0 1.0 0.0 3.0 3.0 -1.0 
2.0 -1.0 0.0 1.0 1.0 0.0 2.0 -1.0 1.0 0.0 0.0 3.0 3.0 3.0 
2.0 -1.0 1.0 1.0 0.0 1.0 1.0 2.0 -1.0 0.0 0.0 0.0 3.0 3.0 
0.0 3.0 -1.0 0.0 1.0 1.0 1.0 0.0 3.0 -1.0 0.0 0.0 0.0 3.0 
0.0 0.0 3.0 -1.0 1.0 1.0 0.0 0.0 0.0 3.0 0.0 0.0 0.0 0.0 
0.0 0.0 1.0 2.0 -1.0 0.0 0.0 0.0 0.0 0.0 0.0 0.0 0.0 0.0 
0.0 1.0 1.0 0.0 3.0 -1.0 0.0 0.0 0.0 0.0 0.0 0.0 0.0 0.0 
1.0 1.0 0.0 0.0 0.0 3.0 -1.0 0.0 0.0 0.0 0.0 0.0 0.0 0.0 
1.0 0.0 0.0 0.0 0.0 0.0 3.0 -1.0 0.0 0.0 0.0 0.0 0.0 0.0 
0.0 0.0 0.0 0.0 0.0 0.0 0.0 3.0 -1.0 0.0 0.0 0.0 0.0 0.0 
Round10
9.0 1.0 3.0 -1.0 1.0 1.0 1.0 1.0 1.0 1.0 1.0 1.0 1.0 9.0 
2.0 0.0 2.0 -1.0 0.0 0.0 0.0 0.0 0.0 0.0 0.0 0.0 0.0 0.0 
0.0 1.0 2.0 -1.0 1.0 0.0 0.0 -1.0 0.0 0.0 0.0 0.0 0.0 0.0 
0.0 -1.0 0.0 -1.0 1.0 1.0 0.0 3.0 -1.0 0.0 0.0 0.0 0.0 0.0 
2.0 -1.0 2.0 -1.0 0.0 1.0 0.0 0.0 3.0 -1.0 0.0 0.0 0.0 0.0 
2.0 -1.0 2.0 -1.0 0.0 1.0 0.0 0.0 1.0 2.0 -1.0 0.0 0.0 0.0 
0.0 -1.0 0.0 3.0 -1.0 1.0 0.0 1.0 1.0 1.0 2.0 -1.0 0.0 0.0 
0.0 -1.0 0.0 0.0 2.0 -1.0 1.0 1.0 1.0 1.0 0.0 3.0 -1.0 0.0 
2.0 -1.0 0.0 1.0 1.0 3.0 -1.0 1.0 1.0 0.0 0.0 0.0 3.0 -1.0 
2.0 -1.0 1.0 1.0 0.0 1.0 2.0 -1.0 0.0 0.0 0.0 0.0 0.0 3.0 
0.0 -1.0 1.0 0.0 1.0 1.0 1.0 3.0 -1.0 0.0 0.0 0.0 0.0 0.0 
0.0 3.0 -1.0 1.0 1.0 1.0 0.0 0.0 3.0 -1.0 0.0 0.0 0.0 0.0 
0.0 0.0 2.0 -1.0 1.0 0.0 0.0 0.0 0.0 3.0 0.0 0.0 0.0 0.0 
0.0 1.0 1.0 3.0 -1.0 0.0 0.0 0.0 0.0 0.0 0.0 0.0 0.0 0.0 
1.0 1.0 0.0 0.0 3.0 -1.0 0.0 0.0 0.0 0.0 0.0 0.0 0.0 0.0 
1.0 0.0 0.0 0.0 0.0 3.0 -1.0 0.0 0.0 0.0 0.0 0.0 0.0 0.0 
0.0 0.0 0.0 0.0 0.0 0.0 3.0 -1.0 0.0 0.0 0.0 0.0 0.0 0.0 
0.0 0.0 0.0 0.0 0.0 0.0 0.0 3.0 -1.0 0.0 0.0 0.0 0.0 0.0 
Round11
9.0 1.0 2.0 -1.0 1.0 1.0 1.0 1.0 1.0 1.0 1.0 1.0 1.0 9.0 
2.0 1.0 2.0 -1.0 0.0 0.0 0.0 0.0 0.0 0.0 0.0 0.0 0.0 0.0 
1.0 1.0 0.0 -1.0 0.0 0.0 0.0 -1.0 0.0 0.0 0.0 0.0 0.0 0.0 
2.0 -1.0 2.0 -1.0 1.0 0.0 0.0 3.0 -1.0 0.0 0.0 0.0 0.0 0.0 
2.0 -1.0 2.0 -1.0 1.0 0.0 0.0 0.0 3.0 -1.0 0.0 0.0 0.0 0.0 
0.0 -1.0 0.0 -1.0 1.0 0.0 0.0 0.0 0.0 2.0 -1.0 0.0 0.0 0.0 
0.0 -1.0 0.0 3.0 -1.0 1.0 0.0 0.0 1.0 1.0 3.0 -1.0 0.0 0.0 
2.0 -1.0 0.0 1.0 2.0 -1.0 0.0 1.0 1.0 0.0 0.0 3.0 -1.0 0.0 
2.0 -1.0 1.0 1.0 0.0 2.0 -1.0 1.0 0.0 0.0 0.0 0.0 3.0 -1.0 
0.0 -1.0 1.0 0.0 1.0 1.0 2.0 -1.0 0.0 0.0 0.0 0.0 0.0 3.0 
0.0 -1.0 0.0 1.0 1.0 1.0 0.0 3.0 -1.0 0.0 0.0 0.0 0.0 0.0 
0.0 3.0 -1.0 1.0 1.0 0.0 0.0 0.0 3.0 -1.0 0.0 0.0 0.0 0.0 
0.0 1.0 2.0 -1.0 0.0 0.0 0.0 0.0 0.0 3.0 0.0 0.0 0.0 0.0 
1.0 1.0 0.0 3.0 -1.0 0.0 0.0 0.0 0.0 0.0 0.0 0.0 0.0 0.0 
1.0 0.0 0.0 0.0 3.0 -1.0 0.0 0.0 0.0 0.0 0.0 0.0 0.0 0.0 
0.0 0.0 0.0 0.0 0.0 3.0 -1.0 0.0 0.0 0.0 0.0 0.0 0.0 0.0 
0.0 0.0 0.0 0.0 0.0 0.0 3.0 -1.0 0.0 0.0 0.0 0.0 0.0 0.0 
0.0 0.0 0.0 0.0 0.0 0.0 0.0 3.0 -1.0 0.0 0.0 0.0 0.0 0.0 
Round12
9.0 1.0 2.0 -1.0 1.0 1.0 1.0 1.0 1.0 1.0 1.0 1.0 1.0 9.0 
1.0 1.0 0.0 -1.0 0.0 0.0 0.0 0.0 0.0 0.0 0.0 0.0 0.0 0.0 
2.0 0.0 2.0 -1.0 0.0 0.0 0.0 -1.0 0.0 0.0 0.0 0.0 0.0 0.0 
2.0 -1.0 2.0 -1.0 0.0 0.0 0.0 3.0 -1.0 0.0 0.0 0.0 0.0 0.0 
0.0 -1.0 0.0 -1.0 0.0 0.0 0.0 0.0 3.0 -1.0 0.0 0.0 0.0 0.0 
0.0 -1.0 0.0 -1.0 0.0 0.0 0.0 0.0 0.0 3.0 -1.0 0.0 0.0 0.0 
2.0 -1.0 0.0 2.0 -1.0 0.0 0.0 0.0 0.0 0.0 3.0 -1.0 0.0 0.0 
2.0 -1.0 1.0 1.0 3.0 -1.0 0.0 0.0 0.0 0.0 0.0 3.0 -1.0 0.0 
0.0 -1.0 1.0 0.0 1.0 2.0 -1.0 0.0 0.0 0.0 0.0 0.0 3.0 -1.0 
0.0 -1.0 0.0 1.0 1.0 1.0 3.0 -1.0 0.0 0.0 0.0 0.0 0.0 3.0 
0.0 -1.0 1.0 1.0 1.0 0.0 0.0 3.0 -1.0 0.0 0.0 0.0 0.0 0.0 
0.0 2.0 -1.0 1.0 0.0 0.0 0.0 0.0 3.0 -1.0 0.0 0.0 0.0 0.0 
1.0 1.0 3.0 -1.0 0.0 0.0 0.0 0.0 0.0 3.0 0.0 0.0 0.0 0.0 
1.0 0.0 0.0 3.0 -1.0 0.0 0.0 0.0 0.0 0.0 0.0 0.0 0.0 0.0 
0.0 0.0 0.0 0.0 3.0 -1.0 0.0 0.0 0.0 0.0 0.0 0.0 0.0 0.0 
0.0 0.0 0.0 0.0 0.0 3.0 -1.0 0.0 0.0 0.0 0.0 0.0 0.0 0.0 
0.0 0.0 0.0 0.0 0.0 0.0 3.0 -1.0 0.0 0.0 0.0 0.0 0.0 0.0 
0.0 0.0 0.0 0.0 0.0 0.0 0.0 3.0 -1.0 0.0 0.0 0.0 0.0 0.0 
Round13
9.0 1.0 3.0 -1.0 1.0 1.0 1.0 1.0 1.0 1.0 1.0 1.0 1.0 9.0 
2.0 0.0 2.0 -1.0 0.0 0.0 0.0 0.0 0.0 0.0 0.0 0.0 0.0 0.0 
2.0 3.0 2.0 -1.0 0.0 0.0 0.0 -1.0 0.0 0.0 0.0 0.0 0.0 0.0 
0.0 -1.0 0.0 -1.0 0.0 0.0 0.0 3.0 -1.0 0.0 0.0 0.0 0.0 0.0 
0.0 -1.0 0.0 -1.0 0.0 0.0 0.0 0.0 3.0 -1.0 0.0 0.0 0.0 0.0 
2.0 -1.0 0.0 -1.0 0.0 0.0 0.0 0.0 0.0 3.0 -1.0 0.0 0.0 0.0 
2.0 -1.0 1.0 2.0 -1.0 0.0 0.0 0.0 0.0 0.0 3.0 -1.0 0.0 0.0 
0.0 -1.0 1.0 0.0 2.0 -1.0 0.0 0.0 0.0 0.0 0.0 3.0 -1.0 0.0 
0.0 -1.0 0.0 1.0 1.0 2.0 -1.0 0.0 0.0 0.0 0.0 0.0 3.0 -1.0 
0.0 -1.0 1.0 1.0 1.0 0.0 3.0 -1.0 0.0 0.0 0.0 0.0 0.0 3.0 
0.0 -1.0 1.0 1.0 0.0 0.0 0.0 3.0 -1.0 0.0 0.0 0.0 0.0 0.0 
1.0 2.0 -1.0 0.0 0.0 0.0 0.0 0.0 3.0 -1.0 0.0 0.0 0.0 0.0 
1.0 0.0 3.0 -1.0 0.0 0.0 0.0 0.0 0.0 1.0 0.0 0.0 0.0 0.0 
0.0 0.0 0.0 3.0 -1.0 0.0 0.0 0.0 0.0 1.0 0.0 0.0 0.0 0.0 
0.0 0.0 0.0 0.0 3.0 -1.0 0.0 0.0 0.0 1.0 0.0 0.0 0.0 0.0 
0.0 0.0 0.0 0.0 0.0 3.0 -1.0 0.0 0.0 1.0 0.0 0.0 0.0 0.0 
0.0 0.0 0.0 0.0 0.0 0.0 3.0 -1.0 0.0 1.0 0.0 0.0 0.0 0.0 
0.0 0.0 0.0 0.0 0.0 0.0 0.0 3.0 -1.0 1.0 0.0 0.0 0.0 0.0 
Round14
9.0 1.0 2.0 -1.0 1.0 1.0 1.0 1.0 1.0 1.0 1.0 1.0 1.0 9.0 
2.0 3.0 2.0 -1.0 0.0 0.0 0.0 0.0 0.0 0.0 0.0 0.0 0.0 0.0 
0.0 3.0 0.0 -1.0 0.0 0.0 0.0 -1.0 0.0 0.0 0.0 0.0 0.0 0.0 
0.0 -1.0 0.0 -1.0 0.0 0.0 0.0 3.0 -1.0 0.0 0.0 0.0 0.0 0.0 
2.0 -1.0 0.0 -1.0 0.0 0.0 0.0 0.0 3.0 -1.0 0.0 0.0 0.0 0.0 
2.0 -1.0 2.0 -1.0 0.0 0.0 0.0 0.0 0.0 3.0 -1.0 0.0 0.0 0.0 
0.0 -1.0 1.0 3.0 -1.0 0.0 0.0 0.0 0.0 0.0 3.0 -1.0 0.0 0.0 
0.0 -1.0 0.0 1.0 2.0 -1.0 0.0 0.0 0.0 0.0 0.0 3.0 -1.0 0.0 
0.0 -1.0 1.0 1.0 1.0 3.0 -1.0 0.0 0.0 0.0 0.0 0.0 3.0 -1.0 
0.0 -1.0 1.0 1.0 0.0 0.0 3.0 -1.0 0.0 0.0 0.0 0.0 0.0 3.0 
2.0 -1.0 1.0 0.0 0.0 0.0 0.0 3.0 -1.0 0.0 0.0 0.0 0.0 0.0 
1.0 3.0 -1.0 0.0 0.0 0.0 0.0 0.0 3.0 -1.0 0.0 0.0 0.0 0.0 
0.0 0.0 3.0 -1.0 0.0 0.0 0.0 0.0 1.0 1.0 0.0 0.0 0.0 0.0 
0.0 0.0 0.0 3.0 -1.0 0.0 0.0 0.0 1.0 0.0 0.0 0.0 0.0 0.0 
0.0 0.0 0.0 0.0 3.0 -1.0 0.0 0.0 1.0 0.0 0.0 0.0 0.0 0.0 
0.0 0.0 0.0 0.0 0.0 3.0 -1.0 0.0 1.0 0.0 0.0 0.0 0.0 0.0 
0.0 0.0 0.0 0.0 0.0 0.0 3.0 -1.0 1.0 0.0 0.0 0.0 0.0 0.0 
0.0 0.0 0.0 0.0 0.0 0.0 0.0 3.0 -1.0 0.0 0.0 0.0 0.0 0.0 
Round15
9.0 1.0 2.0 -1.0 1.0 1.0 1.0 1.0 1.0 1.0 1.0 1.0 1.0 9.0 
1.0 3.0 0.0 -1.0 0.0 0.0 0.0 0.0 0.0 0.0 0.0 0.0 0.0 0.0 
0.0 0.0 0.0 -1.0 0.0 0.0 0.0 -1.0 0.0 0.0 0.0 0.0 0.0 0.0 
2.0 -1.0 0.0 -1.0 0.0 0.0 0.0 3.0 -1.0 0.0 0.0 0.0 0.0 0.0 
2.0 -1.0 2.0 -1.0 0.0 0.0 0.0 0.0 3.0 -1.0 0.0 0.0 0.0 0.0 
0.0 -1.0 2.0 -1.0 0.0 0.0 0.0 0.0 0.0 3.0 -1.0 0.0 0.0 0.0 
0.0 -1.0 0.0 2.0 -1.0 0.0 0.0 0.0 0.0 0.0 3.0 -1.0 0.0 0.0 
0.0 -1.0 1.0 1.0 2.0 -1.0 0.0 0.0 0.0 0.0 0.0 3.0 -1.0 0.0 
0.0 -1.0 1.0 1.0 0.0 3.0 -1.0 0.0 0.0 0.0 0.0 0.0 3.0 -1.0 
2.0 -1.0 1.0 0.0 0.0 0.0 3.0 -1.0 0.0 0.0 0.0 0.0 0.0 3.0 
2.0 -1.0 0.0 0.0 0.0 0.0 0.0 3.0 -1.0 0.0 0.0 0.0 0.0 0.0 
0.0 3.0 -1.0 0.0 0.0 0.0 0.0 0.0 2.0 -1.0 0.0 0.0 0.0 0.0 
0.0 0.0 3.0 -1.0 0.0 0.0 0.0 1.0 1.0 1.0 0.0 0.0 0.0 0.0 
0.0 0.0 0.0 3.0 -1.0 0.0 0.0 1.0 0.0 0.0 0.0 0.0 0.0 0.0 
0.0 0.0 0.0 0.0 3.0 -1.0 0.0 1.0 0.0 0.0 0.0 0.0 0.0 0.0 
0.0 0.0 0.0 0.0 0.0 3.0 -1.0 1.0 0.0 0.0 0.0 0.0 0.0 0.0 
0.0 0.0 0.0 0.0 0.0 0.0 3.0 -1.0 0.0 0.0 0.0 0.0 0.0 0.0 
0.0 0.0 0.0 0.0 0.0 0.0 0.0 3.0 -1.0 0.0 0.0 0.0 0.0 0.0 
Round16
9.0 1.0 3.0 -1.0 1.0 1.0 1.0 1.0 1.0 1.0 1.0 1.0 1.0 9.0 
1.0 0.0 0.0 -1.0 0.0 0.0 0.0 0.0 0.0 0.0 0.0 0.0 0.0 0.0 
2.0 0.0 0.0 -1.0 0.0 0.0 0.0 -1.0 0.0 0.0 0.0 0.0 0.0 0.0 
2.0 -1.0 2.0 -1.0 0.0 0.0 0.0 3.0 -1.0 0.0 0.0 0.0 0.0 0.0 
0.0 -1.0 2.0 -1.0 0.0 0.0 0.0 0.0 3.0 -1.0 0.0 0.0 0.0 0.0 
0.0 -1.0 0.0 -1.0 0.0 0.0 0.0 0.0 0.0 3.0 -1.0 0.0 0.0 0.0 
0.0 -1.0 1.0 2.0 -1.0 0.0 0.0 0.0 0.0 0.0 3.0 -1.0 0.0 0.0 
0.0 -1.0 1.0 1.0 3.0 -1.0 0.0 0.0 0.0 0.0 0.0 3.0 -1.0 0.0 
2.0 -1.0 1.0 0.0 0.0 3.0 -1.0 0.0 0.0 0.0 0.0 0.0 3.0 -1.0 
2.0 -1.0 0.0 0.0 0.0 0.0 3.0 -1.0 0.0 0.0 0.0 0.0 0.0 3.0 
0.0 -1.0 0.0 0.0 0.0 0.0 0.0 3.0 -1.0 0.0 0.0 0.0 0.0 0.0 
0.0 3.0 -1.0 0.0 0.0 0.0 0.0 1.0 2.0 -1.0 0.0 0.0 0.0 0.0 
0.0 0.0 3.0 -1.0 0.0 0.0 1.0 1.0 1.0 1.0 0.0 0.0 0.0 0.0 
0.0 0.0 0.0 3.0 -1.0 0.0 1.0 0.0 0.0 0.0 0.0 0.0 0.0 0.0 
0.0 0.0 0.0 0.0 3.0 -1.0 1.0 0.0 0.0 0.0 0.0 0.0 0.0 0.0 
0.0 0.0 0.0 0.0 0.0 3.0 -1.0 0.0 0.0 0.0 0.0 0.0 0.0 0.0 
0.0 0.0 0.0 0.0 0.0 0.0 3.0 -1.0 0.0 0.0 0.0 0.0 0.0 0.0 
0.0 0.0 0.0 0.0 0.0 0.0 0.0 3.0 -1.0 0.0 0.0 0.0 0.0 0.0 
Round17
9.0 1.0 3.0 -1.0 1.0 1.0 1.0 1.0 1.0 1.0 1.0 1.0 1.0 9.0 
2.0 0.0 0.0 -1.0 0.0 0.0 0.0 0.0 0.0 0.0 0.0 0.0 0.0 0.0 
2.0 3.0 2.0 -1.0 0.0 0.0 0.0 -1.0 0.0 0.0 0.0 0.0 0.0 0.0 
0.0 -1.0 2.0 -1.0 0.0 0.0 0.0 3.0 -1.0 0.0 0.0 0.0 0.0 0.0 
0.0 -1.0 0.0 -1.0 0.0 0.0 0.0 0.0 3.0 -1.0 0.0 0.0 0.0 0.0 
0.0 -1.0 2.0 -1.0 0.0 0.0 0.0 0.0 0.0 3.0 -1.0 0.0 0.0 0.0 
0.0 -1.0 1.0 2.0 -1.0 0.0 0.0 0.0 0.0 0.0 3.0 -1.0 0.0 0.0 
2.0 -1.0 1.0 0.0 3.0 -1.0 0.0 0.0 0.0 0.0 0.0 3.0 -1.0 0.0 
2.0 -1.0 0.0 0.0 0.0 3.0 -1.0 0.0 0.0 0.0 0.0 0.0 3.0 -1.0 
0.0 -1.0 0.0 0.0 0.0 0.0 3.0 -1.0 0.0 0.0 0.0 0.0 0.0 3.0 
0.0 -1.0 0.0 0.0 0.0 0.0 0.0 2.0 -1.0 0.0 0.0 0.0 0.0 0.0 
0.0 3.0 -1.0 0.0 0.0 0.0 1.0 1.0 2.0 -1.0 0.0 0.0 0.0 0.0 
0.0 0.0 3.0 -1.0 0.0 1.0 1.0 1.0 1.0 1.0 0.0 0.0 0.0 0.0 
0.0 0.0 0.0 3.0 -1.0 1.0 0.0 0.0 0.0 0.0 0.0 0.0 0.0 0.0 
0.0 0.0 0.0 0.0 3.0 -1.0 0.0 0.0 0.0 0.0 0.0 0.0 0.0 0.0 
0.0 0.0 0.0 0.0 0.0 3.0 -1.0 0.0 0.0 0.0 0.0 0.0 0.0 0.0 
0.0 0.0 0.0 0.0 0.0 0.0 3.0 -1.0 0.0 0.0 0.0 0.0 0.0 0.0 
0.0 0.0 0.0 0.0 0.0 0.0 0.0 3.0 -1.0 0.0 0.0 0.0 0.0 0.0 
Round18
9.0 1.0 3.0 -1.0 1.0 1.0 1.0 1.0 1.0 1.0 1.0 1.0 1.0 9.0 
2.0 3.0 2.0 -1.0 0.0 0.0 0.0 0.0 0.0 0.0 0.0 0.0 0.0 0.0 
0.0 1.0 2.0 -1.0 0.0 0.0 0.0 -1.0 0.0 0.0 0.0 0.0 0.0 0.0 
0.0 -1.0 0.0 -1.0 0.0 0.0 0.0 3.0 -1.0 0.0 0.0 0.0 0.0 0.0 
0.0 -1.0 2.0 -1.0 0.0 0.0 0.0 0.0 3.0 -1.0 0.0 0.0 0.0 0.0 
0.0 -1.0 2.0 -1.0 0.0 0.0 0.0 0.0 0.0 3.0 -1.0 0.0 0.0 0.0 
2.0 -1.0 1.0 3.0 -1.0 0.0 0.0 0.0 0.0 0.0 3.0 -1.0 0.0 0.0 
2.0 -1.0 0.0 0.0 3.0 -1.0 0.0 0.0 0.0 0.0 0.0 3.0 -1.0 0.0 
0.0 -1.0 0.0 0.0 0.0 3.0 -1.0 0.0 0.0 0.0 0.0 0.0 3.0 -1.0 
0.0 -1.0 0.0 0.0 0.0 0.0 3.0 -1.0 0.0 0.0 0.0 0.0 0.0 3.0 
0.0 -1.0 0.0 0.0 0.0 0.0 1.0 2.0 -1.0 0.0 0.0 0.0 0.0 0.0 
0.0 3.0 -1.0 0.0 0.0 1.0 1.0 1.0 2.0 -1.0 0.0 0.0 0.0 0.0 
0.0 0.0 3.0 -1.0 1.0 1.0 1.0 1.0 1.0 1.0 0.0 0.0 0.0 0.0 
0.0 0.0 0.0 3.0 -1.0 0.0 0.0 0.0 0.0 0.0 0.0 0.0 0.0 0.0 
0.0 0.0 0.0 0.0 3.0 -1.0 0.0 0.0 0.0 0.0 0.0 0.0 0.0 0.0 
0.0 0.0 0.0 0.0 0.0 3.0 -1.0 0.0 0.0 0.0 0.0 0.0 0.0 0.0 
0.0 0.0 0.0 0.0 0.0 0.0 3.0 -1.0 0.0 0.0 0.0 0.0 0.0 0.0 
0.0 0.0 0.0 0.0 0.0 0.0 0.0 3.0 -1.0 0.0 0.0 0.0 0.0 0.0 
Round19
9.0 2.0 2.0 -1.0 1.0 1.0 1.0 1.0 1.0 1.0 1.0 1.0 1.0 9.0 
1.0 1.0 2.0 -1.0 0.0 0.0 0.0 0.0 0.0 0.0 0.0 0.0 0.0 0.0 
1.0 1.0 0.0 -1.0 0.0 0.0 0.0 -1.0 0.0 0.0 0.0 0.0 0.0 0.0 
0.0 -1.0 2.0 -1.0 0.0 0.0 0.0 3.0 -1.0 0.0 0.0 0.0 0.0 0.0 
0.0 -1.0 2.0 -1.0 0.0 0.0 0.0 0.0 3.0 -1.0 0.0 0.0 0.0 0.0 
2.0 -1.0 2.0 -1.0 0.0 0.0 0.0 0.0 0.0 3.0 -1.0 0.0 0.0 0.0 
2.0 -1.0 0.0 3.0 -1.0 0.0 0.0 0.0 0.0 0.0 3.0 -1.0 0.0 0.0 
0.0 -1.0 0.0 0.0 3.0 -1.0 0.0 0.0 0.0 0.0 0.0 3.0 -1.0 0.0 
0.0 -1.0 0.0 0.0 0.0 3.0 -1.0 0.0 0.0 0.0 0.0 0.0 3.0 -1.0 
0.0 -1.0 0.0 0.0 0.0 0.0 2.0 -1.0 0.0 0.0 0.0 0.0 0.0 3.0 
0.0 -1.0 0.0 0.0 0.0 1.0 1.0 2.0 -1.0 0.0 0.0 0.0 0.0 0.0 
0.0 3.0 -1.0 0.0 1.0 1.0 1.0 1.0 2.0 -1.0 0.0 0.0 0.0 0.0 
0.0 0.0 3.0 -1.0 1.0 1.0 1.0 1.0 1.0 1.0 0.0 0.0 0.0 0.0 
0.0 0.0 0.0 3.0 -1.0 0.0 0.0 0.0 0.0 0.0 0.0 0.0 0.0 0.0 
0.0 0.0 0.0 0.0 3.0 -1.0 0.0 0.0 0.0 0.0 0.0 0.0 0.0 0.0 
0.0 0.0 0.0 0.0 0.0 3.0 -1.0 0.0 0.0 0.0 0.0 0.0 0.0 0.0 
0.0 0.0 0.0 0.0 0.0 0.0 3.0 -1.0 0.0 0.0 0.0 0.0 0.0 0.0 
0.0 0.0 0.0 0.0 0.0 0.0 0.0 3.0 -1.0 0.0 0.0 0.0 0.0 0.0 
Round20
9.0 1.0 2.0 -1.0 1.0 1.0 1.0 1.0 1.0 1.0 1.0 1.0 1.0 9.0 
1.0 1.0 0.0 -1.0 0.0 0.0 0.0 0.0 0.0 0.0 0.0 0.0 0.0 0.0 
1.0 0.0 2.0 -1.0 0.0 0.0 0.0 -1.0 0.0 0.0 0.0 0.0 0.0 0.0 
0.0 -1.0 2.0 -1.0 0.0 0.0 0.0 3.0 -1.0 0.0 0.0 0.0 0.0 0.0 
0.0 -1.0 2.0 -1.0 0.0 0.0 0.0 0.0 3.0 -1.0 0.0 0.0 0.0 0.0 
0.0 -1.0 0.0 -1.0 0.0 0.0 0.0 0.0 0.0 3.0 -1.0 0.0 0.0 0.0 
0.0 -1.0 0.0 3.0 -1.0 0.0 0.0 0.0 0.0 0.0 3.0 -1.0 0.0 0.0 
0.0 -1.0 0.0 0.0 3.0 -1.0 0.0 0.0 0.0 0.0 0.0 3.0 -1.0 0.0 
0.0 -1.0 0.0 0.0 0.0 3.0 -1.0 0.0 0.0 0.0 0.0 0.0 3.0 -1.0 
0.0 -1.0 0.0 0.0 0.0 1.0 2.0 -1.0 0.0 0.0 0.0 0.0 0.0 3.0 
0.0 -1.0 0.0 0.0 1.0 1.0 1.0 2.0 -1.0 0.0 0.0 0.0 0.0 0.0 
0.0 3.0 -1.0 1.0 1.0 1.0 1.0 1.0 2.0 -1.0 0.0 0.0 0.0 0.0 
0.0 0.0 3.0 -1.0 1.0 1.0 1.0 1.0 1.0 1.0 0.0 0.0 0.0 0.0 
0.0 0.0 0.0 3.0 -1.0 0.0 0.0 0.0 0.0 0.0 0.0 0.0 0.0 0.0 
0.0 0.0 0.0 0.0 3.0 -1.0 0.0 0.0 0.0 0.0 0.0 0.0 0.0 0.0 
0.0 0.0 0.0 0.0 0.0 3.0 -1.0 0.0 0.0 0.0 0.0 0.0 0.0 0.0 
0.0 0.0 0.0 0.0 0.0 0.0 3.0 -1.0 0.0 0.0 0.0 0.0 0.0 0.0 
0.0 0.0 0.0 0.0 0.0 0.0 0.0 3.0 -1.0 0.0 0.0 0.0 0.0 0.0 
Round21
9.0 1.0 3.0 -1.0 1.0 1.0 1.0 1.0 1.0 1.0 1.0 1.0 1.0 9.0 
1.0 0.0 2.0 -1.0 0.0 0.0 0.0 0.0 0.0 0.0 0.0 0.0 0.0 0.0 
0.0 1.0 2.0 -1.0 0.0 0.0 0.0 -1.0 0.0 0.0 0.0 0.0 0.0 0.0 
0.0 -1.0 2.0 -1.0 0.0 0.0 0.0 3.0 -1.0 0.0 0.0 0.0 0.0 0.0 
0.0 -1.0 0.0 -1.0 0.0 0.0 0.0 0.0 3.0 -1.0 0.0 0.0 0.0 0.0 
0.0 -1.0 0.0 -1.0 0.0 0.0 0.0 0.0 0.0 3.0 -1.0 0.0 0.0 0.0 
0.0 -1.0 0.0 3.0 -1.0 0.0 0.0 0.0 0.0 0.0 3.0 -1.0 0.0 0.0 
0.0 -1.0 0.0 0.0 3.0 -1.0 0.0 0.0 0.0 0.0 0.0 3.0 -1.0 0.0 
0.0 -1.0 0.0 0.0 0.0 2.0 -1.0 0.0 0.0 0.0 0.0 0.0 3.0 -1.0 
0.0 -1.0 0.0 0.0 1.0 1.0 2.0 -1.0 0.0 0.0 0.0 0.0 0.0 3.0 
0.0 -1.0 0.0 1.0 1.0 1.0 1.0 2.0 -1.0 0.0 0.0 0.0 0.0 0.0 
0.0 3.0 -1.0 1.0 1.0 1.0 1.0 1.0 2.0 -1.0 0.0 0.0 0.0 0.0 
0.0 0.0 3.0 -1.0 1.0 1.0 1.0 1.0 1.0 1.0 0.0 0.0 0.0 0.0 
0.0 0.0 0.0 3.0 -1.0 0.0 0.0 0.0 0.0 0.0 0.0 0.0 0.0 0.0 
0.0 0.0 0.0 0.0 3.0 -1.0 0.0 0.0 0.0 0.0 0.0 0.0 0.0 0.0 
0.0 0.0 0.0 0.0 0.0 3.0 -1.0 0.0 0.0 0.0 0.0 0.0 0.0 0.0 
0.0 0.0 0.0 0.0 0.0 0.0 3.0 -1.0 0.0 0.0 0.0 0.0 0.0 0.0 
0.0 0.0 0.0 0.0 0.0 0.0 0.0 3.0 -1.0 0.0 0.0 0.0 0.0 0.0 
Round22
9.0 1.0 2.0 -1.0 1.0 1.0 1.0 1.0 1.0 1.0 1.0 1.0 1.0 9.0 
1.0 1.0 2.0 -1.0 0.0 0.0 0.0 0.0 0.0 0.0 0.0 0.0 0.0 0.0 
1.0 1.0 2.0 -1.0 0.0 0.0 0.0 -1.0 0.0 0.0 0.0 0.0 0.0 0.0 
0.0 -1.0 0.0 -1.0 0.0 0.0 0.0 3.0 -1.0 0.0 0.0 0.0 0.0 0.0 
0.0 -1.0 0.0 -1.0 0.0 0.0 0.0 0.0 3.0 -1.0 0.0 0.0 0.0 0.0 
0.0 -1.0 0.0 -1.0 0.0 0.0 0.0 0.0 0.0 3.0 -1.0 0.0 0.0 0.0 
0.0 -1.0 0.0 3.0 -1.0 0.0 0.0 0.0 0.0 0.0 3.0 -1.0 0.0 0.0 
0.0 -1.0 0.0 0.0 3.0 -1.0 0.0 0.0 0.0 0.0 0.0 3.0 -1.0 0.0 
0.0 -1.0 0.0 0.0 1.0 2.0 -1.0 0.0 0.0 0.0 0.0 0.0 3.0 -1.0 
0.0 -1.0 0.0 1.0 1.0 1.0 2.0 -1.0 0.0 0.0 0.0 0.0 0.0 3.0 
0.0 -1.0 1.0 1.0 1.0 1.0 1.0 2.0 -1.0 0.0 0.0 0.0 0.0 0.0 
0.0 3.0 -1.0 1.0 1.0 1.0 1.0 1.0 2.0 -1.0 0.0 0.0 0.0 0.0 
0.0 0.0 3.0 -1.0 1.0 1.0 1.0 1.0 1.0 1.0 0.0 0.0 0.0 0.0 
0.0 0.0 0.0 3.0 -1.0 0.0 0.0 0.0 0.0 0.0 0.0 0.0 0.0 0.0 
0.0 0.0 0.0 0.0 3.0 -1.0 0.0 0.0 0.0 0.0 0.0 0.0 0.0 0.0 
0.0 0.0 0.0 0.0 0.0 3.0 -1.0 0.0 0.0 0.0 0.0 0.0 0.0 0.0 
0.0 0.0 0.0 0.0 0.0 0.0 3.0 -1.0 0.0 0.0 0.0 0.0 0.0 0.0 
0.0 0.0 0.0 0.0 0.0 0.0 0.0 3.0 -1.0 0.0 0.0 0.0 0.0 0.0 
Round23
9.0 1.0 2.0 -1.0 1.0 1.0 1.0 1.0 1.0 1.0 1.0 1.0 1.0 9.0 
1.0 1.0 2.0 -1.0 0.0 0.0 0.0 0.0 0.0 0.0 0.0 0.0 0.0 0.0 
1.0 1.0 0.0 -1.0 0.0 0.0 0.0 -1.0 0.0 0.0 0.0 0.0 0.0 0.0 
0.0 -1.0 0.0 -1.0 0.0 0.0 0.0 3.0 -1.0 0.0 0.0 0.0 0.0 0.0 
0.0 -1.0 0.0 -1.0 0.0 0.0 0.0 0.0 3.0 -1.0 0.0 0.0 0.0 0.0 
0.0 -1.0 0.0 -1.0 0.0 0.0 0.0 0.0 0.0 3.0 -1.0 0.0 0.0 0.0 
0.0 -1.0 0.0 3.0 -1.0 0.0 0.0 0.0 0.0 0.0 3.0 -1.0 0.0 0.0 
0.0 -1.0 0.0 0.0 2.0 -1.0 0.0 0.0 0.0 0.0 0.0 3.0 -1.0 0.0 
0.0 -1.0 0.0 1.0 1.0 2.0 -1.0 0.0 0.0 0.0 0.0 0.0 3.0 -1.0 
0.0 -1.0 1.0 1.0 1.0 1.0 2.0 -1.0 0.0 0.0 0.0 0.0 0.0 3.0 
0.0 -1.0 1.0 1.0 1.0 1.0 1.0 2.0 -1.0 0.0 0.0 0.0 0.0 0.0 
0.0 3.0 -1.0 1.0 1.0 1.0 1.0 1.0 2.0 -1.0 0.0 0.0 0.0 0.0 
0.0 0.0 3.0 -1.0 1.0 1.0 1.0 1.0 1.0 1.0 0.0 0.0 0.0 0.0 
0.0 0.0 0.0 3.0 -1.0 0.0 0.0 0.0 0.0 0.0 0.0 0.0 0.0 0.0 
0.0 0.0 0.0 0.0 3.0 -1.0 0.0 0.0 0.0 0.0 0.0 0.0 0.0 0.0 
0.0 0.0 0.0 0.0 0.0 3.0 -1.0 0.0 0.0 0.0 0.0 0.0 0.0 0.0 
0.0 0.0 0.0 0.0 0.0 0.0 3.0 -1.0 0.0 0.0 0.0 0.0 0.0 0.0 
0.0 0.0 0.0 0.0 0.0 0.0 0.0 3.0 -1.0 0.0 0.0 0.0 0.0 0.0 
Round24
9.0 1.0 2.0 -1.0 1.0 1.0 1.0 1.0 1.0 1.0 1.0 1.0 1.0 9.0 
1.0 1.0 0.0 -1.0 0.0 0.0 0.0 0.0 0.0 0.0 0.0 0.0 0.0 0.0 
1.0 0.0 0.0 -1.0 0.0 0.0 0.0 -1.0 0.0 0.0 0.0 0.0 0.0 0.0 
0.0 -1.0 0.0 -1.0 0.0 0.0 0.0 3.0 -1.0 0.0 0.0 0.0 0.0 0.0 
0.0 -1.0 0.0 -1.0 0.0 0.0 0.0 0.0 3.0 -1.0 0.0 0.0 0.0 0.0 
0.0 -1.0 0.0 -1.0 0.0 0.0 0.0 0.0 0.0 3.0 -1.0 0.0 0.0 0.0 
0.0 -1.0 0.0 3.0 -1.0 0.0 0.0 0.0 0.0 0.0 3.0 -1.0 0.0 0.0 
0.0 -1.0 0.0 1.0 2.0 -1.0 0.0 0.0 0.0 0.0 0.0 3.0 -1.0 0.0 
0.0 -1.0 1.0 1.0 1.0 2.0 -1.0 0.0 0.0 0.0 0.0 0.0 3.0 -1.0 
0.0 -1.0 1.0 1.0 1.0 1.0 2.0 -1.0 0.0 0.0 0.0 0.0 0.0 3.0 
0.0 -1.0 1.0 1.0 1.0 1.0 1.0 2.0 -1.0 0.0 0.0 0.0 0.0 0.0 
0.0 3.0 -1.0 1.0 1.0 1.0 1.0 1.0 2.0 -1.0 0.0 0.0 0.0 0.0 
0.0 0.0 3.0 -1.0 1.0 1.0 1.0 1.0 1.0 1.0 0.0 0.0 0.0 0.0 
0.0 0.0 0.0 3.0 -1.0 0.0 0.0 0.0 0.0 0.0 0.0 0.0 0.0 0.0 
0.0 0.0 0.0 0.0 3.0 -1.0 0.0 0.0 0.0 0.0 0.0 0.0 0.0 0.0 
0.0 0.0 0.0 0.0 0.0 3.0 -1.0 0.0 0.0 0.0 0.0 0.0 0.0 0.0 
0.0 0.0 0.0 0.0 0.0 0.0 3.0 -1.0 0.0 0.0 0.0 0.0 0.0 0.0 
0.0 0.0 0.0 0.0 0.0 0.0 0.0 3.0 -1.0 0.0 0.0 0.0 0.0 0.0 
Round25
9.0 1.0 3.0 -1.0 1.0 1.0 1.0 1.0 1.0 1.0 1.0 1.0 1.0 9.0 
1.0 0.0 0.0 -1.0 0.0 0.0 0.0 0.0 0.0 0.0 0.0 0.0 0.0 0.0 
0.0 0.0 0.0 -1.0 0.0 0.0 0.0 -1.0 0.0 0.0 0.0 0.0 0.0 0.0 
0.0 -1.0 0.0 -1.0 0.0 0.0 0.0 3.0 -1.0 0.0 0.0 0.0 0.0 0.0 
0.0 -1.0 0.0 -1.0 0.0 0.0 0.0 0.0 3.0 -1.0 0.0 0.0 0.0 0.0 
0.0 -1.0 0.0 -1.0 0.0 0.0 0.0 0.0 0.0 3.0 -1.0 0.0 0.0 0.0 
0.0 -1.0 0.0 2.0 -1.0 0.0 0.0 0.0 0.0 0.0 3.0 -1.0 0.0 0.0 
0.0 -1.0 1.0 1.0 2.0 -1.0 0.0 0.0 0.0 0.0 0.0 3.0 -1.0 0.0 
0.0 -1.0 1.0 1.0 1.0 2.0 -1.0 0.0 0.0 0.0 0.0 0.0 3.0 -1.0 
0.0 -1.0 1.0 1.0 1.0 1.0 2.0 -1.0 0.0 0.0 0.0 0.0 0.0 3.0 
0.0 -1.0 1.0 1.0 1.0 1.0 1.0 2.0 -1.0 0.0 0.0 0.0 0.0 0.0 
0.0 3.0 -1.0 1.0 1.0 1.0 1.0 1.0 2.0 -1.0 0.0 0.0 0.0 0.0 
0.0 0.0 3.0 -1.0 1.0 1.0 1.0 1.0 1.0 1.0 0.0 0.0 0.0 0.0 
0.0 0.0 0.0 3.0 -1.0 0.0 0.0 0.0 0.0 0.0 0.0 0.0 0.0 0.0 
0.0 0.0 0.0 0.0 3.0 -1.0 0.0 0.0 0.0 0.0 0.0 0.0 0.0 0.0 
0.0 0.0 0.0 0.0 0.0 3.0 -1.0 0.0 0.0 0.0 0.0 0.0 0.0 0.0 
0.0 0.0 0.0 0.0 0.0 0.0 3.0 -1.0 0.0 0.0 0.0 0.0 0.0 0.0 
0.0 0.0 0.0 0.0 0.0 0.0 0.0 3.0 -1.0 0.0 0.0 0.0 0.0 0.0 
Round26
9.0 1.0 3.0 -1.0 1.0 1.0 1.0 1.0 1.0 1.0 1.0 1.0 1.0 9.0 
1.0 0.0 0.0 -1.0 0.0 0.0 0.0 0.0 0.0 0.0 0.0 0.0 0.0 0.0 
0.0 0.0 0.0 -1.0 0.0 0.0 0.0 -1.0 0.0 0.0 0.0 0.0 0.0 0.0 
0.0 -1.0 0.0 -1.0 0.0 0.0 0.0 3.0 -1.0 0.0 0.0 0.0 0.0 0.0 
0.0 -1.0 0.0 -1.0 0.0 0.0 0.0 0.0 3.0 -1.0 0.0 0.0 0.0 0.0 
0.0 -1.0 0.0 -1.0 0.0 0.0 0.0 0.0 0.0 3.0 -1.0 0.0 0.0 0.0 
0.0 -1.0 1.0 2.0 -1.0 0.0 0.0 0.0 0.0 0.0 3.0 -1.0 0.0 0.0 
0.0 -1.0 1.0 1.0 2.0 -1.0 0.0 0.0 0.0 0.0 0.0 3.0 -1.0 0.0 
0.0 -1.0 1.0 1.0 1.0 2.0 -1.0 0.0 0.0 0.0 0.0 0.0 3.0 -1.0 
0.0 -1.0 1.0 1.0 1.0 1.0 2.0 -1.0 0.0 0.0 0.0 0.0 0.0 3.0 
0.0 -1.0 1.0 1.0 1.0 1.0 1.0 2.0 -1.0 0.0 0.0 0.0 0.0 0.0 
0.0 3.0 -1.0 1.0 1.0 1.0 1.0 1.0 2.0 -1.0 0.0 0.0 0.0 0.0 
0.0 0.0 3.0 -1.0 1.0 1.0 1.0 1.0 1.0 1.0 0.0 0.0 0.0 0.0 
0.0 0.0 0.0 3.0 -1.0 0.0 0.0 0.0 0.0 0.0 0.0 0.0 0.0 0.0 
0.0 0.0 0.0 0.0 3.0 -1.0 0.0 0.0 0.0 0.0 0.0 0.0 0.0 0.0 
0.0 0.0 0.0 0.0 0.0 3.0 -1.0 0.0 0.0 0.0 0.0 0.0 0.0 0.0 
0.0 0.0 0.0 0.0 0.0 0.0 3.0 -1.0 0.0 0.0 0.0 0.0 0.0 0.0 
0.0 0.0 0.0 0.0 0.0 0.0 0.0 3.0 -1.0 0.0 0.0 0.0 0.0 0.0 
Round27
9.0 1.0 3.0 -1.0 1.0 1.0 1.0 1.0 1.0 1.0 1.0 1.0 1.0 9.0 
1.0 0.0 0.0 -1.0 0.0 0.0 0.0 0.0 0.0 0.0 0.0 0.0 0.0 0.0 
0.0 0.0 0.0 -1.0 0.0 0.0 0.0 -1.0 0.0 0.0 0.0 0.0 0.0 0.0 
0.0 -1.0 0.0 -1.0 0.0 0.0 0.0 3.0 -1.0 0.0 0.0 0.0 0.0 0.0 
0.0 -1.0 0.0 -1.0 0.0 0.0 0.0 0.0 3.0 -1.0 0.0 0.0 0.0 0.0 
0.0 -1.0 2.0 -1.0 0.0 0.0 0.0 0.0 0.0 3.0 -1.0 0.0 0.0 0.0 
0.0 -1.0 1.0 2.0 -1.0 0.0 0.0 0.0 0.0 0.0 3.0 -1.0 0.0 0.0 
0.0 -1.0 1.0 1.0 2.0 -1.0 0.0 0.0 0.0 0.0 0.0 3.0 -1.0 0.0 
0.0 -1.0 1.0 1.0 1.0 2.0 -1.0 0.0 0.0 0.0 0.0 0.0 3.0 -1.0 
0.0 -1.0 1.0 1.0 1.0 1.0 2.0 -1.0 0.0 0.0 0.0 0.0 0.0 3.0 
0.0 -1.0 1.0 1.0 1.0 1.0 1.0 2.0 -1.0 0.0 0.0 0.0 0.0 0.0 
0.0 3.0 -1.0 1.0 1.0 1.0 1.0 1.0 2.0 -1.0 0.0 0.0 0.0 0.0 
0.0 0.0 3.0 -1.0 1.0 1.0 1.0 1.0 1.0 1.0 0.0 0.0 0.0 0.0 
0.0 0.0 0.0 3.0 -1.0 0.0 0.0 0.0 0.0 0.0 0.0 0.0 0.0 0.0 
0.0 0.0 0.0 0.0 3.0 -1.0 0.0 0.0 0.0 0.0 0.0 0.0 0.0 0.0 
0.0 0.0 0.0 0.0 0.0 3.0 -1.0 0.0 0.0 0.0 0.0 0.0 0.0 0.0 
0.0 0.0 0.0 0.0 0.0 0.0 3.0 -1.0 0.0 0.0 0.0 0.0 0.0 0.0 
0.0 0.0 0.0 0.0 0.0 0.0 0.0 3.0 -1.0 0.0 0.0 0.0 0.0 0.0 
Round28
9.0 1.0 3.0 -1.0 1.0 1.0 1.0 1.0 1.0 1.0 1.0 1.0 1.0 9.0 
1.0 0.0 0.0 -1.0 0.0 0.0 0.0 0.0 0.0 0.0 0.0 0.0 0.0 0.0 
0.0 0.0 0.0 -1.0 0.0 0.0 0.0 -1.0 0.0 0.0 0.0 0.0 0.0 0.0 
0.0 -1.0 0.0 -1.0 0.0 0.0 0.0 3.0 -1.0 0.0 0.0 0.0 0.0 0.0 
0.0 -1.0 2.0 -1.0 0.0 0.0 0.0 0.0 3.0 -1.0 0.0 0.0 0.0 0.0 
0.0 -1.0 2.0 -1.0 0.0 0.0 0.0 0.0 0.0 3.0 -1.0 0.0 0.0 0.0 
0.0 -1.0 1.0 2.0 -1.0 0.0 0.0 0.0 0.0 0.0 3.0 -1.0 0.0 0.0 
0.0 -1.0 1.0 1.0 2.0 -1.0 0.0 0.0 0.0 0.0 0.0 3.0 -1.0 0.0 
0.0 -1.0 1.0 1.0 1.0 2.0 -1.0 0.0 0.0 0.0 0.0 0.0 3.0 -1.0 
0.0 -1.0 1.0 1.0 1.0 1.0 2.0 -1.0 0.0 0.0 0.0 0.0 0.0 3.0 
0.0 -1.0 1.0 1.0 1.0 1.0 1.0 2.0 -1.0 0.0 0.0 0.0 0.0 0.0 
0.0 3.0 -1.0 1.0 1.0 1.0 1.0 1.0 2.0 -1.0 0.0 0.0 0.0 0.0 
0.0 0.0 3.0 -1.0 1.0 1.0 1.0 1.0 1.0 1.0 0.0 0.0 0.0 0.0 
0.0 0.0 0.0 3.0 -1.0 0.0 0.0 0.0 0.0 0.0 0.0 0.0 0.0 0.0 
0.0 0.0 0.0 0.0 3.0 -1.0 0.0 0.0 0.0 0.0 0.0 0.0 0.0 0.0 
0.0 0.0 0.0 0.0 0.0 3.0 -1.0 0.0 0.0 0.0 0.0 0.0 0.0 0.0 
0.0 0.0 0.0 0.0 0.0 0.0 3.0 -1.0 0.0 0.0 0.0 0.0 0.0 0.0 
0.0 0.0 0.0 0.0 0.0 0.0 0.0 3.0 -1.0 0.0 0.0 0.0 0.0 0.0 
Round29
9.0 1.0 3.0 -1.0 1.0 1.0 1.0 1.0 1.0 1.0 1.0 1.0 1.0 9.0 
1.0 0.0 0.0 -1.0 0.0 0.0 0.0 0.0 0.0 0.0 0.0 0.0 0.0 0.0 
0.0 0.0 0.0 -1.0 0.0 0.0 0.0 -1.0 0.0 0.0 0.0 0.0 0.0 0.0 
0.0 -1.0 2.0 -1.0 0.0 0.0 0.0 3.0 -1.0 0.0 0.0 0.0 0.0 0.0 
0.0 -1.0 2.0 -1.0 0.0 0.0 0.0 0.0 3.0 -1.0 0.0 0.0 0.0 0.0 
0.0 -1.0 2.0 -1.0 0.0 0.0 0.0 0.0 0.0 3.0 -1.0 0.0 0.0 0.0 
0.0 -1.0 1.0 2.0 -1.0 0.0 0.0 0.0 0.0 0.0 3.0 -1.0 0.0 0.0 
0.0 -1.0 1.0 1.0 2.0 -1.0 0.0 0.0 0.0 0.0 0.0 3.0 -1.0 0.0 
0.0 -1.0 1.0 1.0 1.0 2.0 -1.0 0.0 0.0 0.0 0.0 0.0 3.0 -1.0 
0.0 -1.0 1.0 1.0 1.0 1.0 2.0 -1.0 0.0 0.0 0.0 0.0 0.0 3.0 
0.0 -1.0 1.0 1.0 1.0 1.0 1.0 2.0 -1.0 0.0 0.0 0.0 0.0 0.0 
0.0 3.0 -1.0 1.0 1.0 1.0 1.0 1.0 2.0 -1.0 0.0 0.0 0.0 0.0 
0.0 0.0 3.0 -1.0 1.0 1.0 1.0 1.0 1.0 1.0 0.0 0.0 0.0 0.0 
0.0 0.0 0.0 3.0 -1.0 0.0 0.0 0.0 0.0 0.0 0.0 0.0 0.0 0.0 
0.0 0.0 0.0 0.0 3.0 -1.0 0.0 0.0 0.0 0.0 0.0 0.0 0.0 0.0 
0.0 0.0 0.0 0.0 0.0 3.0 -1.0 0.0 0.0 0.0 0.0 0.0 0.0 0.0 
0.0 0.0 0.0 0.0 0.0 0.0 3.0 -1.0 0.0 0.0 0.0 0.0 0.0 0.0 
0.0 0.0 0.0 0.0 0.0 0.0 0.0 3.0 -1.0 0.0 0.0 0.0 0.0 0.0 
Round30
9.0 1.0 3.0 -1.0 1.0 1.0 1.0 1.0 1.0 1.0 1.0 1.0 1.0 9.0 
1.0 0.0 0.0 -1.0 0.0 0.0 0.0 0.0 0.0 0.0 0.0 0.0 0.0 0.0 
0.0 0.0 2.0 -1.0 0.0 0.0 0.0 -1.0 0.0 0.0 0.0 0.0 0.0 0.0 
0.0 -1.0 2.0 -1.0 0.0 0.0 0.0 3.0 -1.0 0.0 0.0 0.0 0.0 0.0 
0.0 -1.0 2.0 -1.0 0.0 0.0 0.0 0.0 3.0 -1.0 0.0 0.0 0.0 0.0 
0.0 -1.0 2.0 -1.0 0.0 0.0 0.0 0.0 0.0 3.0 -1.0 0.0 0.0 0.0 
0.0 -1.0 1.0 2.0 -1.0 0.0 0.0 0.0 0.0 0.0 3.0 -1.0 0.0 0.0 
0.0 -1.0 1.0 1.0 2.0 -1.0 0.0 0.0 0.0 0.0 0.0 3.0 -1.0 0.0 
0.0 -1.0 1.0 1.0 1.0 2.0 -1.0 0.0 0.0 0.0 0.0 0.0 3.0 -1.0 
0.0 -1.0 1.0 1.0 1.0 1.0 2.0 -1.0 0.0 0.0 0.0 0.0 0.0 3.0 
0.0 -1.0 1.0 1.0 1.0 1.0 1.0 2.0 -1.0 0.0 0.0 0.0 0.0 0.0 
0.0 3.0 -1.0 1.0 1.0 1.0 1.0 1.0 2.0 -1.0 0.0 0.0 0.0 0.0 
0.0 0.0 3.0 -1.0 1.0 1.0 1.0 1.0 1.0 1.0 0.0 0.0 0.0 0.0 
0.0 0.0 0.0 3.0 -1.0 0.0 0.0 0.0 0.0 0.0 0.0 0.0 0.0 0.0 
0.0 0.0 0.0 0.0 3.0 -1.0 0.0 0.0 0.0 0.0 0.0 0.0 0.0 0.0 
0.0 0.0 0.0 0.0 0.0 3.0 -1.0 0.0 0.0 0.0 0.0 0.0 0.0 0.0 
0.0 0.0 0.0 0.0 0.0 0.0 3.0 -1.0 0.0 0.0 0.0 0.0 0.0 0.0 
0.0 0.0 0.0 0.0 0.0 0.0 0.0 3.0 -1.0 0.0 0.0 0.0 0.0 0.0 
Round31
9.0 1.0 3.0 -1.0 1.0 1.0 1.0 1.0 1.0 1.0 1.0 1.0 1.0 9.0 
1.0 0.0 2.0 -1.0 0.0 0.0 0.0 0.0 0.0 0.0 0.0 0.0 0.0 0.0 
0.0 1.0 2.0 -1.0 0.0 0.0 0.0 -1.0 0.0 0.0 0.0 0.0 0.0 0.0 
0.0 -1.0 2.0 -1.0 0.0 0.0 0.0 3.0 -1.0 0.0 0.0 0.0 0.0 0.0 
0.0 -1.0 2.0 -1.0 0.0 0.0 0.0 0.0 3.0 -1.0 0.0 0.0 0.0 0.0 
0.0 -1.0 2.0 -1.0 0.0 0.0 0.0 0.0 0.0 3.0 -1.0 0.0 0.0 0.0 
0.0 -1.0 1.0 2.0 -1.0 0.0 0.0 0.0 0.0 0.0 3.0 -1.0 0.0 0.0 
0.0 -1.0 1.0 1.0 2.0 -1.0 0.0 0.0 0.0 0.0 0.0 3.0 -1.0 0.0 
0.0 -1.0 1.0 1.0 1.0 2.0 -1.0 0.0 0.0 0.0 0.0 0.0 3.0 -1.0 
0.0 -1.0 1.0 1.0 1.0 1.0 2.0 -1.0 0.0 0.0 0.0 0.0 0.0 3.0 
0.0 -1.0 1.0 1.0 1.0 1.0 1.0 2.0 -1.0 0.0 0.0 0.0 0.0 0.0 
0.0 3.0 -1.0 1.0 1.0 1.0 1.0 1.0 2.0 -1.0 0.0 0.0 0.0 0.0 
0.0 0.0 3.0 -1.0 1.0 1.0 1.0 1.0 1.0 1.0 0.0 0.0 0.0 0.0 
0.0 0.0 0.0 3.0 -1.0 0.0 0.0 0.0 0.0 0.0 0.0 0.0 0.0 0.0 
0.0 0.0 0.0 0.0 3.0 -1.0 0.0 0.0 0.0 0.0 0.0 0.0 0.0 0.0 
0.0 0.0 0.0 0.0 0.0 3.0 -1.0 0.0 0.0 0.0 0.0 0.0 0.0 0.0 
0.0 0.0 0.0 0.0 0.0 0.0 3.0 -1.0 0.0 0.0 0.0 0.0 0.0 0.0 
0.0 0.0 0.0 0.0 0.0 0.0 0.0 3.0 -1.0 0.0 0.0 0.0 0.0 0.0 
Round32
9.0 1.0 2.0 -1.0 1.0 1.0 1.0 1.0 1.0 1.0 1.0 1.0 1.0 9.0 
1.0 1.0 2.0 -1.0 0.0 0.0 0.0 0.0 0.0 0.0 0.0 0.0 0.0 0.0 
1.0 1.0 2.0 -1.0 0.0 0.0 0.0 -1.0 0.0 0.0 0.0 0.0 0.0 0.0 
0.0 -1.0 2.0 -1.0 0.0 0.0 0.0 3.0 -1.0 0.0 0.0 0.0 0.0 0.0 
0.0 -1.0 2.0 -1.0 0.0 0.0 0.0 0.0 3.0 -1.0 0.0 0.0 0.0 0.0 
0.0 -1.0 2.0 -1.0 0.0 0.0 0.0 0.0 0.0 3.0 -1.0 0.0 0.0 0.0 
0.0 -1.0 1.0 2.0 -1.0 0.0 0.0 0.0 0.0 0.0 3.0 -1.0 0.0 0.0 
0.0 -1.0 1.0 1.0 2.0 -1.0 0.0 0.0 0.0 0.0 0.0 3.0 -1.0 0.0 
0.0 -1.0 1.0 1.0 1.0 2.0 -1.0 0.0 0.0 0.0 0.0 0.0 3.0 -1.0 
0.0 -1.0 1.0 1.0 1.0 1.0 2.0 -1.0 0.0 0.0 0.0 0.0 0.0 3.0 
0.0 -1.0 1.0 1.0 1.0 1.0 1.0 2.0 -1.0 0.0 0.0 0.0 0.0 0.0 
0.0 3.0 -1.0 1.0 1.0 1.0 1.0 1.0 2.0 -1.0 0.0 0.0 0.0 0.0 
0.0 0.0 3.0 -1.0 1.0 1.0 1.0 1.0 1.0 1.0 0.0 0.0 0.0 0.0 
0.0 0.0 0.0 3.0 -1.0 0.0 0.0 0.0 0.0 0.0 0.0 0.0 0.0 0.0 
0.0 0.0 0.0 0.0 3.0 -1.0 0.0 0.0 0.0 0.0 0.0 0.0 0.0 0.0 
0.0 0.0 0.0 0.0 0.0 3.0 -1.0 0.0 0.0 0.0 0.0 0.0 0.0 0.0 
0.0 0.0 0.0 0.0 0.0 0.0 3.0 -1.0 0.0 0.0 0.0 0.0 0.0 0.0 
0.0 0.0 0.0 0.0 0.0 0.0 0.0 3.0 -1.0 0.0 0.0 0.0 0.0 0.0 
Round33
9.0 1.0 2.0 -1.0 1.0 1.0 1.0 1.0 1.0 1.0 1.0 1.0 1.0 9.0 
1.0 1.0 2.0 -1.0 0.0 0.0 0.0 0.0 0.0 0.0 0.0 0.0 0.0 0.0 
1.0 1.0 2.0 -1.0 0.0 0.0 0.0 -1.0 0.0 0.0 0.0 0.0 0.0 0.0 
0.0 -1.0 2.0 -1.0 0.0 0.0 0.0 3.0 -1.0 0.0 0.0 0.0 0.0 0.0 
0.0 -1.0 2.0 -1.0 0.0 0.0 0.0 0.0 3.0 -1.0 0.0 0.0 0.0 0.0 
0.0 -1.0 2.0 -1.0 0.0 0.0 0.0 0.0 0.0 3.0 -1.0 0.0 0.0 0.0 
0.0 -1.0 1.0 2.0 -1.0 0.0 0.0 0.0 0.0 0.0 3.0 -1.0 0.0 0.0 
0.0 -1.0 1.0 1.0 2.0 -1.0 0.0 0.0 0.0 0.0 0.0 3.0 -1.0 0.0 
0.0 -1.0 1.0 1.0 1.0 2.0 -1.0 0.0 0.0 0.0 0.0 0.0 3.0 -1.0 
0.0 -1.0 1.0 1.0 1.0 1.0 2.0 -1.0 0.0 0.0 0.0 0.0 0.0 3.0 
0.0 -1.0 1.0 1.0 1.0 1.0 1.0 2.0 -1.0 0.0 0.0 0.0 0.0 0.0 
0.0 3.0 -1.0 1.0 1.0 1.0 1.0 1.0 2.0 -1.0 0.0 0.0 0.0 0.0 
0.0 0.0 3.0 -1.0 1.0 1.0 1.0 1.0 1.0 1.0 0.0 0.0 0.0 0.0 
0.0 0.0 0.0 3.0 -1.0 0.0 0.0 0.0 0.0 0.0 0.0 0.0 0.0 0.0 
0.0 0.0 0.0 0.0 3.0 -1.0 0.0 0.0 0.0 0.0 0.0 0.0 0.0 0.0 
0.0 0.0 0.0 0.0 0.0 3.0 -1.0 0.0 0.0 0.0 0.0 0.0 0.0 0.0 
0.0 0.0 0.0 0.0 0.0 0.0 3.0 -1.0 0.0 0.0 0.0 0.0 0.0 0.0 
0.0 0.0 0.0 0.0 0.0 0.0 0.0 3.0 -1.0 0.0 0.0 0.0 0.0 0.0 
