Round1
-100.0 -0.5 -0.5 nan -0.5 -0.5 -0.5 -0.5 -0.5 -0.5 -0.5 -0.5 -0.5 100.0 
-0.5 -0.5 -0.5 nan -0.5 -0.5 -0.5 -0.5 -0.5 -0.5 -0.5 -0.5 -0.5 -0.5 
-0.5 -0.5 -0.5 nan -0.5 -0.5 -0.5 nan -0.5 -0.5 -0.5 -0.5 -0.5 -0.5 
-0.5 nan -0.5 nan -0.5 -0.5 -0.5 -0.5 nan -0.5 -0.5 -0.5 -0.5 -0.5 
-0.5 nan -0.5 nan -0.5 -0.5 -0.5 -0.5 -0.5 nan -0.5 -0.5 -0.5 -0.5 
-0.5 nan -0.5 nan -0.5 -0.5 -0.5 -0.5 -0.5 -0.5 nan -0.5 -0.5 -0.5 
-0.5 nan -0.5 -0.5 nan -0.5 -0.5 -0.5 -0.5 -0.5 -0.5 nan -0.5 -0.5 
-0.5 nan -0.5 -0.5 -0.5 nan -0.5 -0.5 -0.5 -0.5 -0.5 -0.5 nan -0.5 
-0.5 nan -0.5 -0.5 -0.5 -0.5 nan -0.5 -0.5 -0.5 -0.5 -0.5 -0.5 nan 
-0.5 nan -0.5 -0.5 -0.5 -0.5 -0.5 nan -0.5 -0.5 -0.5 -0.5 -0.5 -0.5 
-0.5 nan -0.5 -0.5 -0.5 -0.5 -0.5 -0.5 nan -0.5 -0.5 -0.5 -0.5 -0.5 
-0.5 -0.5 nan -0.5 -0.5 -0.5 -0.5 -0.5 -0.5 nan -0.5 -0.5 -0.5 -0.5 
-0.5 -0.5 -0.5 nan -0.5 -0.5 -0.5 -0.5 -0.5 -0.5 -0.5 -0.5 -0.5 -0.5 
-0.5 -0.5 -0.5 -0.5 nan -0.5 -0.5 -0.5 -0.5 -0.5 -0.5 -0.5 -0.5 -0.5 
-0.5 -0.5 -0.5 -0.5 -0.5 nan -0.5 -0.5 -0.5 -0.5 -0.5 -0.5 -0.5 -0.5 
-0.5 -0.5 -0.5 -0.5 -0.5 -0.5 nan -0.5 -0.5 -0.5 -0.5 -0.5 -0.5 -0.5 
-0.5 -0.5 -0.5 -0.5 -0.5 -0.5 -0.5 nan -0.5 -0.5 -0.5 -0.5 -0.5 -0.5 
-0.5 -0.5 -0.5 -0.5 -0.5 -0.5 -0.5 -0.5 nan -0.5 -0.5 -0.5 -0.5 -0.5 
Round2
-100.0 -0.5 -0.5 nan -0.5 -0.5 -0.5 -0.5 -0.5 -0.5 -0.5 -0.5 -0.5 100.0 
-0.5 -0.5 -0.5 nan -0.5 -0.5 -0.5 -0.5 -0.5 -0.5 -0.5 -0.5 -0.5 -0.5 
-0.5 -0.5 -0.5 nan -0.5 -0.5 -0.5 nan -0.5 -0.5 -0.5 -0.5 -0.5 -0.5 
-0.5 nan -0.5 nan -0.5 -0.5 -0.5 -0.5 nan -0.5 -0.5 -0.5 -0.5 -0.5 
-0.5 nan -0.5 nan -0.5 -0.5 -0.5 -0.5 -0.5 nan -0.5 -0.5 -0.5 -0.5 
-0.5 nan -0.5 nan -0.5 -0.5 -0.5 -0.5 -0.5 -0.5 nan -0.5 -0.5 -0.5 
-0.5 nan -0.5 -0.5 nan -0.5 -0.5 -0.5 -0.5 -0.5 -0.5 nan -0.5 -0.5 
-0.5 nan -0.5 -0.5 -0.5 nan -0.5 -0.5 -0.5 -0.5 -0.5 -0.5 nan -0.5 
-0.5 nan -0.5 -0.5 -0.5 -0.5 nan -0.5 -0.5 -0.5 -0.5 -0.5 -0.5 nan 
-0.5 nan -0.5 -0.5 -0.5 -0.5 -0.5 nan -0.5 -0.5 -0.5 -0.5 -0.5 -0.5 
-0.5 nan -0.5 -0.5 -0.5 -0.5 -0.5 -0.5 nan -0.5 -0.5 -0.5 -0.5 -0.5 
-0.5 -0.5 nan -0.5 -0.5 -0.5 -0.5 -0.5 -0.5 nan -0.5 -0.5 -0.5 -0.5 
-0.5 -0.5 -0.5 nan -0.5 -0.5 -0.5 -0.5 -0.5 -0.5 -0.5 -0.5 -0.5 -0.5 
-0.5 -0.5 -0.5 -0.5 nan -0.5 -0.5 -0.5 -0.5 -0.5 -0.5 -0.5 -0.5 -0.5 
-0.5 -0.5 -0.5 -0.5 -0.5 nan -0.5 -0.5 -0.5 -0.5 -0.5 -0.5 -0.5 -0.5 
-0.5 -0.5 -0.5 -0.5 -0.5 -0.5 nan -0.5 -0.5 -0.5 -0.5 -0.5 -0.5 -0.5 
-0.5 -0.5 -0.5 -0.5 -0.5 -0.5 -0.5 nan -0.5 -0.5 -0.5 -0.5 -0.5 -0.5 
-0.5 -0.5 -0.5 -0.5 -0.5 -0.5 -0.5 -0.5 nan -0.5 -0.5 -0.5 -0.5 -0.5 
Round3
-100.0 -0.5 -0.5 nan -0.5 -0.5 -0.5 -0.5 -0.5 -0.5 -0.5 -0.5 -0.5 100.0 
-0.5 -0.5 -0.5 nan -0.5 -0.5 -0.5 -0.5 -0.5 -0.5 -0.5 -0.5 -0.5 -0.5 
-0.5 -0.5 -0.5 nan -0.5 -0.5 -0.5 nan -0.5 -0.5 -0.5 -0.5 -0.5 -0.5 
-0.5 nan -0.5 nan -0.5 -0.5 -0.5 -0.5 nan -0.5 -0.5 -0.5 -0.5 -0.5 
-0.5 nan -0.5 nan -0.5 -0.5 -0.5 -0.5 -0.5 nan -0.5 -0.5 -0.5 -0.5 
-0.5 nan -0.5 nan -0.5 -0.5 -0.5 -0.5 -0.5 -0.5 nan -0.5 -0.5 -0.5 
-0.5 nan -0.5 -0.5 nan -0.5 -0.5 -0.5 -0.5 -0.5 -0.5 nan -0.5 -0.5 
-0.5 nan -0.5 -0.5 -0.5 nan -0.5 -0.5 -0.5 -0.5 -0.5 -0.5 nan -0.5 
-0.5 nan -0.5 -0.5 -0.5 -0.5 nan -0.5 -0.5 -0.5 -0.5 -0.5 -0.5 nan 
-0.5 nan -0.5 -0.5 -0.5 -0.5 -0.5 nan -0.5 -0.5 -0.5 -0.5 -0.5 -0.5 
-0.5 nan -0.5 -0.5 -0.5 -0.5 -0.5 -0.5 nan -0.5 -0.5 -0.5 -0.5 -0.5 
-0.5 -0.5 nan -0.5 -0.5 -0.5 -0.5 -0.5 -0.5 nan -0.5 -0.5 -0.5 -0.5 
-0.5 -0.5 -0.5 nan -0.5 -0.5 -0.5 -0.5 -0.5 -0.5 -0.5 -0.5 -0.5 -0.5 
-0.5 -0.5 -0.5 -0.5 nan -0.5 -0.5 -0.5 -0.5 -0.5 -0.5 -0.5 -0.5 -0.5 
-0.5 -0.5 -0.5 -0.5 -0.5 nan -0.5 -0.5 -0.5 -0.5 -0.5 -0.5 -0.5 -0.5 
-0.5 -0.5 -0.5 -0.5 -0.5 -0.5 nan -0.5 -0.5 -0.5 -0.5 -0.5 -0.5 -0.5 
-0.5 -0.5 -0.5 -0.5 -0.5 -0.5 -0.5 nan -0.5 -0.5 -0.5 -0.5 -0.5 -0.5 
-0.5 -0.5 -0.5 -0.5 -0.5 -0.5 -0.5 -0.5 nan -0.5 -0.5 -0.5 -0.5 -0.5 
Round4
-100.0 -0.5 -0.5 nan -0.5 -0.5 -0.5 -0.5 -0.5 -0.5 -0.5 -0.5 -0.5 100.0 
-0.5 -0.5 -0.5 nan -0.5 -0.5 -0.5 -0.5 -0.5 -0.5 -0.5 -0.5 -0.5 -0.5 
-0.5 -0.5 -0.5 nan -0.5 -0.5 -0.5 nan -0.5 -0.5 -0.5 -0.5 -0.5 -0.5 
-0.5 nan -0.5 nan -0.5 -0.5 -0.5 -0.5 nan -0.5 -0.5 -0.5 -0.5 -0.5 
-0.5 nan -0.5 nan -0.5 -0.5 -0.5 -0.5 -0.5 nan -0.5 -0.5 -0.5 -0.5 
-0.5 nan -0.5 nan -0.5 -0.5 -0.5 -0.5 -0.5 -0.5 nan -0.5 -0.5 -0.5 
-0.5 nan -0.5 -0.5 nan -0.5 -0.5 -0.5 -0.5 -0.5 -0.5 nan -0.5 -0.5 
-0.5 nan -0.5 -0.5 -0.5 nan -0.5 -0.5 -0.5 -0.5 -0.5 -0.5 nan -0.5 
-0.5 nan -0.5 -0.5 -0.5 -0.5 nan -0.5 -0.5 -0.5 -0.5 -0.5 -0.5 nan 
-0.5 nan -0.5 -0.5 -0.5 -0.5 -0.5 nan -0.5 -0.5 -0.5 -0.5 -0.5 -0.5 
-0.5 nan -0.5 -0.5 -0.5 -0.5 -0.5 -0.5 nan -0.5 -0.5 -0.5 -0.5 -0.5 
-0.5 -0.5 nan -0.5 -0.5 -0.5 -0.5 -0.5 -0.5 nan -0.5 -0.5 -0.5 -0.5 
-0.5 -0.5 -0.5 nan -0.5 -0.5 -0.5 -0.5 -0.5 -0.5 -0.5 -0.5 -0.5 -0.5 
-0.5 -0.5 -0.5 -0.5 nan -0.5 -0.5 -0.5 -0.5 -0.5 -0.5 -0.5 -0.5 -0.5 
-0.5 -0.5 -0.5 -0.5 -0.5 nan -0.5 -0.5 -0.5 -0.5 -0.5 -0.5 -0.5 -0.5 
-0.5 -0.5 -0.5 -0.5 -0.5 -0.5 nan -0.5 -0.5 -0.5 -0.5 -0.5 -0.5 -0.5 
-0.5 -0.5 -0.5 -0.5 -0.5 -0.5 -0.5 nan -0.5 -0.5 -0.5 -0.5 -0.5 -0.5 
-0.5 -0.5 -0.5 -0.5 -0.5 -0.5 -0.5 -0.5 nan -0.5 -0.5 -0.5 -0.5 -0.5 
Round5
-100.0 -0.5 -0.5 nan -0.5 -0.5 -0.5 -0.5 -0.5 -0.5 -0.5 -0.5 -0.5 100.0 
-0.5 -0.5 -0.5 nan -0.5 -0.5 -0.5 -0.5 -0.5 -0.5 -0.5 -0.5 -0.5 -0.5 
-0.5 -0.5 -0.5 nan -0.5 -0.5 -0.5 nan -0.5 -0.5 -0.5 -0.5 -0.5 -0.5 
-0.5 nan -0.5 nan -0.5 -0.5 -0.5 -0.5 nan -0.5 -0.5 -0.5 -0.5 -0.5 
-0.5 nan -0.5 nan -0.5 -0.5 -0.5 -0.5 -0.5 nan -0.5 -0.5 -0.5 -0.5 
-0.5 nan -0.5 nan -0.5 -0.5 -0.5 -0.5 -0.5 -0.5 nan -0.5 -0.5 -0.5 
-0.5 nan -0.5 -0.5 nan -0.5 -0.5 -0.5 -0.5 -0.5 -0.5 nan -0.5 -0.5 
-0.5 nan -0.5 -0.5 -0.5 nan -0.5 -0.5 -0.5 -0.5 -0.5 -0.5 nan -0.5 
-0.5 nan -0.5 -0.5 -0.5 -0.5 nan -0.5 -0.5 -0.5 -0.5 -0.5 -0.5 nan 
-0.5 nan -0.5 -0.5 -0.5 -0.5 -0.5 nan -0.5 -0.5 -0.5 -0.5 -0.5 -0.5 
-0.5 nan -0.5 -0.5 -0.5 -0.5 -0.5 -0.5 nan -0.5 -0.5 -0.5 -0.5 -0.5 
-0.5 -0.5 nan -0.5 -0.5 -0.5 -0.5 -0.5 -0.5 nan -0.5 -0.5 -0.5 -0.5 
-0.5 -0.5 -0.5 nan -0.5 -0.5 -0.5 -0.5 -0.5 -0.5 -0.5 -0.5 -0.5 -0.5 
-0.5 -0.5 -0.5 -0.5 nan -0.5 -0.5 -0.5 -0.5 -0.5 -0.5 -0.5 -0.5 -0.5 
-0.5 -0.5 -0.5 -0.5 -0.5 nan -0.5 -0.5 -0.5 -0.5 -0.5 -0.5 -0.5 -0.5 
-0.5 -0.5 -0.5 -0.5 -0.5 -0.5 nan -0.5 -0.5 -0.5 -0.5 -0.5 -0.5 -0.5 
-0.5 -0.5 -0.5 -0.5 -0.5 -0.5 -0.5 nan -0.5 -0.5 -0.5 -0.5 -0.5 -0.5 
-0.5 -0.5 -0.5 -0.5 -0.5 -0.5 -0.5 -0.5 nan -0.5 -0.5 -0.5 -0.5 -0.5 
Round6
-100.0 -0.5 -0.5 nan -0.5 -0.5 -0.5 -0.5 -0.5 -0.5 -0.5 -0.5 -0.5 100.0 
-0.5 -0.5 -0.5 nan -0.5 -0.5 -0.5 -0.5 -0.5 -0.5 -0.5 -0.5 -0.5 -0.5 
-0.5 -0.5 -0.5 nan -0.5 -0.5 -0.5 nan -0.5 -0.5 -0.5 -0.5 -0.5 -0.5 
-0.5 nan -0.5 nan -0.5 -0.5 -0.5 -0.5 nan -0.5 -0.5 -0.5 -0.5 -0.5 
-0.5 nan -0.5 nan -0.5 -0.5 -0.5 -0.5 -0.5 nan -0.5 -0.5 -0.5 -0.5 
-0.5 nan -0.5 nan -0.5 -0.5 -0.5 -0.5 -0.5 -0.5 nan -0.5 -0.5 -0.5 
-0.5 nan -0.5 -0.5 nan -0.5 -0.5 -0.5 -0.5 -0.5 -0.5 nan -0.5 -0.5 
-0.5 nan -0.5 -0.5 -0.5 nan -0.5 -0.5 -0.5 -0.5 -0.5 -0.5 nan -0.5 
-0.5 nan -0.5 -0.5 -0.5 -0.5 nan -0.5 -0.5 -0.5 -0.5 -0.5 -0.5 nan 
-0.5 nan -0.5 -0.5 -0.5 -0.5 -0.5 nan -0.5 -0.5 -0.5 -0.5 -0.5 -0.5 
-0.5 nan -0.5 -0.5 -0.5 -0.5 -0.5 -0.5 nan -0.5 -0.5 -0.5 -0.5 -0.5 
-0.5 -0.5 nan -0.5 -0.5 -0.5 -0.5 -0.5 -0.5 nan -0.5 -0.5 -0.5 -0.5 
-0.5 -0.5 -0.5 nan -0.5 -0.5 -0.5 -0.5 -0.5 -0.5 -0.5 -0.5 -0.5 -0.5 
-0.5 -0.5 -0.5 -0.5 nan -0.5 -0.5 -0.5 -0.5 -0.5 -0.5 -0.5 -0.5 -0.5 
-0.5 -0.5 -0.5 -0.5 -0.5 nan -0.5 -0.5 -0.5 -0.5 -0.5 -0.5 -0.5 -0.5 
-0.5 -0.5 -0.5 -0.5 -0.5 -0.5 nan -0.5 -0.5 -0.5 -0.5 -0.5 -0.5 -0.5 
-0.5 -0.5 -0.5 -0.5 -0.5 -0.5 -0.5 nan -0.5 -0.5 -0.5 -0.5 -0.5 -0.5 
-0.5 -0.5 -0.5 -0.5 -0.5 -0.5 -0.5 -0.5 nan -0.5 -0.5 -0.5 -0.5 -0.5 
Round7
-100.0 -0.5 -0.5 nan -0.5 -0.5 -0.5 -0.5 -0.5 -0.5 -0.5 -0.5 -0.5 100.0 
-0.5 -0.5 -0.5 nan -0.5 -0.5 -0.5 -0.5 -0.5 -0.5 -0.5 -0.5 -0.5 -0.5 
-0.5 -0.5 -0.5 nan -0.5 -0.5 -0.5 nan -0.5 -0.5 -0.5 -0.5 -0.5 -0.5 
-0.5 nan -0.5 nan -0.5 -0.5 -0.5 -0.5 nan -0.5 -0.5 -0.5 -0.5 -0.5 
-0.5 nan -0.5 nan -0.5 -0.5 -0.5 -0.5 -0.5 nan -0.5 -0.5 -0.5 -0.5 
-0.5 nan -0.5 nan -0.5 -0.5 -0.5 -0.5 -0.5 -0.5 nan -0.5 -0.5 -0.5 
-0.5 nan -0.5 -0.5 nan -0.5 -0.5 -0.5 -0.5 -0.5 -0.5 nan -0.5 -0.5 
-0.5 nan -0.5 -0.5 -0.5 nan -0.5 -0.5 -0.5 -0.5 -0.5 -0.5 nan -0.5 
-0.5 nan -0.5 -0.5 -0.5 -0.5 nan -0.5 -0.5 -0.5 -0.5 -0.5 -0.5 nan 
-0.5 nan -0.5 -0.5 -0.5 -0.5 -0.5 nan -0.5 -0.5 -0.5 -0.5 -0.5 -0.5 
-0.5 nan -0.5 -0.5 -0.5 -0.5 -0.5 -0.5 nan -0.5 -0.5 -0.5 -0.5 -0.5 
-0.5 -0.5 nan -0.5 -0.5 -0.5 -0.5 -0.5 -0.5 nan -0.5 -0.5 -0.5 -0.5 
-0.5 -0.5 -0.5 nan -0.5 -0.5 -0.5 -0.5 -0.5 -0.5 -0.5 -0.5 -0.5 -0.5 
-0.5 -0.5 -0.5 -0.5 nan -0.5 -0.5 -0.5 -0.5 -0.5 -0.5 -0.5 -0.5 -0.5 
-0.5 -0.5 -0.5 -0.5 -0.5 nan -0.5 -0.5 -0.5 -0.5 -0.5 -0.5 -0.5 -0.5 
-0.5 -0.5 -0.5 -0.5 -0.5 -0.5 nan -0.5 -0.5 -0.5 -0.5 -0.5 -0.5 -0.5 
-0.5 -0.5 -0.5 -0.5 -0.5 -0.5 -0.5 nan -0.5 -0.5 -0.5 -0.5 -0.5 -0.5 
-0.5 -0.5 -0.5 -0.5 -0.5 -0.5 -0.5 -0.5 nan -0.5 -0.5 -0.5 -0.5 -0.5 
Round8
-100.0 -0.5 -0.5 nan -0.5 -0.5 -0.5 -0.5 -0.5 -0.5 -0.5 -0.5 -0.5 100.0 
-0.5 -0.5 -0.5 nan -0.5 -0.5 -0.5 -0.5 -0.5 -0.5 -0.5 -0.5 -0.5 -0.5 
-0.5 -0.5 -0.5 nan -0.5 -0.5 -0.5 nan -0.5 -0.5 -0.5 -0.5 -0.5 -0.5 
-0.5 nan -0.5 nan -0.5 -0.5 -0.5 -0.5 nan -0.5 -0.5 -0.5 -0.5 -0.5 
-0.5 nan -0.5 nan -0.5 -0.5 -0.5 -0.5 -0.5 nan -0.5 -0.5 -0.5 -0.5 
-0.5 nan -0.5 nan -0.5 -0.5 -0.5 -0.5 -0.5 -0.5 nan -0.5 -0.5 -0.5 
-0.5 nan -0.5 -0.5 nan -0.5 -0.5 -0.5 -0.5 -0.5 -0.5 nan -0.5 -0.5 
-0.5 nan -0.5 -0.5 -0.5 nan -0.5 -0.5 -0.5 -0.5 -0.5 -0.5 nan -0.5 
-0.5 nan -0.5 -0.5 -0.5 -0.5 nan -0.5 -0.5 -0.5 -0.5 -0.5 -0.5 nan 
-0.5 nan -0.5 -0.5 -0.5 -0.5 -0.5 nan -0.5 -0.5 -0.5 -0.5 -0.5 -0.5 
-0.5 nan -0.5 -0.5 -0.5 -0.5 -0.5 -0.5 nan -0.5 -0.5 -0.5 -0.5 -0.5 
-0.5 -0.5 nan -0.5 -0.5 -0.5 -0.5 -0.5 -0.5 nan -0.5 -0.5 -0.5 -0.5 
-0.5 -0.5 -0.5 nan -0.5 -0.5 -0.5 -0.5 -0.5 -0.5 -0.5 -0.5 -0.5 -0.5 
-0.5 -0.5 -0.5 -0.5 nan -0.5 -0.5 -0.5 -0.5 -0.5 -0.5 -0.5 -0.5 -0.5 
-0.5 -0.5 -0.5 -0.5 -0.5 nan -0.5 -0.5 -0.5 -0.5 -0.5 -0.5 -0.5 -0.5 
-0.5 -0.5 -0.5 -0.5 -0.5 -0.5 nan -0.5 -0.5 -0.5 -0.5 -0.5 -0.5 -0.5 
-0.5 -0.5 -0.5 -0.5 -0.5 -0.5 -0.5 nan -0.5 -0.5 -0.5 -0.5 -0.5 -0.5 
-0.5 -0.5 -0.5 -0.5 -0.5 -0.5 -0.5 -0.5 nan -0.5 -0.5 -0.5 -0.5 -0.5 
Round9
-100.0 -0.5 -0.5 nan -0.5 -0.5 -0.5 -0.5 -0.5 -0.5 -0.5 -0.5 -0.5 100.0 
-0.5 -0.5 -0.5 nan -0.5 -0.5 -0.5 -0.5 -0.5 -0.5 -0.5 -0.5 -0.5 -0.5 
-0.5 -0.5 -0.5 nan -0.5 -0.5 -0.5 nan -0.5 -0.5 -0.5 -0.5 -0.5 -0.5 
-0.5 nan -0.5 nan -0.5 -0.5 -0.5 -0.5 nan -0.5 -0.5 -0.5 -0.5 -0.5 
-0.5 nan -0.5 nan -0.5 -0.5 -0.5 -0.5 -0.5 nan -0.5 -0.5 -0.5 -0.5 
-0.5 nan -0.5 nan -0.5 -0.5 -0.5 -0.5 -0.5 -0.5 nan -0.5 -0.5 -0.5 
-0.5 nan -0.5 -0.5 nan -0.5 -0.5 -0.5 -0.5 -0.5 -0.5 nan -0.5 -0.5 
-0.5 nan -0.5 -0.5 -0.5 nan -0.5 -0.5 -0.5 -0.5 -0.5 -0.5 nan -0.5 
-0.5 nan -0.5 -0.5 -0.5 -0.5 nan -0.5 -0.5 -0.5 -0.5 -0.5 -0.5 nan 
-0.5 nan -0.5 -0.5 -0.5 -0.5 -0.5 nan -0.5 -0.5 -0.5 -0.5 -0.5 -0.5 
-0.5 nan -0.5 -0.5 -0.5 -0.5 -0.5 -0.5 nan -0.5 -0.5 -0.5 -0.5 -0.5 
-0.5 -0.5 nan -0.5 -0.5 -0.5 -0.5 -0.5 -0.5 nan -0.5 -0.5 -0.5 -0.5 
-0.5 -0.5 -0.5 nan -0.5 -0.5 -0.5 -0.5 -0.5 -0.5 -0.5 -0.5 -0.5 -0.5 
-0.5 -0.5 -0.5 -0.5 nan -0.5 -0.5 -0.5 -0.5 -0.5 -0.5 -0.5 -0.5 -0.5 
-0.5 -0.5 -0.5 -0.5 -0.5 nan -0.5 -0.5 -0.5 -0.5 -0.5 -0.5 -0.5 -0.5 
-0.5 -0.5 -0.5 -0.5 -0.5 -0.5 nan -0.5 -0.5 -0.5 -0.5 -0.5 -0.5 -0.5 
-0.5 -0.5 -0.5 -0.5 -0.5 -0.5 -0.5 nan -0.5 -0.5 -0.5 -0.5 -0.5 -0.5 
-0.5 -0.5 -0.5 -0.5 -0.5 -0.5 -0.5 -0.5 nan -0.5 -0.5 -0.5 -0.5 -0.5 
Round10
-100.0 -0.5 -0.5 nan -0.5 -0.5 -0.5 -0.5 -0.5 -0.5 -0.5 -0.5 -0.5 100.0 
-0.5 -0.5 -0.5 nan -0.5 -0.5 -0.5 -0.5 -0.5 -0.5 -0.5 -0.5 -0.5 -0.5 
-0.5 -0.5 -0.5 nan -0.5 -0.5 -0.5 nan -0.5 -0.5 -0.5 -0.5 -0.5 -0.5 
-0.5 nan -0.5 nan -0.5 -0.5 -0.5 -0.5 nan -0.5 -0.5 -0.5 -0.5 -0.5 
-0.5 nan -0.5 nan -0.5 -0.5 -0.5 -0.5 -0.5 nan -0.5 -0.5 -0.5 -0.5 
-0.5 nan -0.5 nan -0.5 -0.5 -0.5 -0.5 -0.5 -0.5 nan -0.5 -0.5 -0.5 
-0.5 nan -0.5 -0.5 nan -0.5 -0.5 -0.5 -0.5 -0.5 -0.5 nan -0.5 -0.5 
-0.5 nan -0.5 -0.5 -0.5 nan -0.5 -0.5 -0.5 -0.5 -0.5 -0.5 nan -0.5 
-0.5 nan -0.5 -0.5 -0.5 -0.5 nan -0.5 -0.5 -0.5 -0.5 -0.5 -0.5 nan 
-0.5 nan -0.5 -0.5 -0.5 -0.5 -0.5 nan -0.5 -0.5 -0.5 -0.5 -0.5 -0.5 
-0.5 nan -0.5 -0.5 -0.5 -0.5 -0.5 -0.5 nan -0.5 -0.5 -0.5 -0.5 -0.5 
-0.5 -0.5 nan -0.5 -0.5 -0.5 -0.5 -0.5 -0.5 nan -0.5 -0.5 -0.5 -0.5 
-0.5 -0.5 -0.5 nan -0.5 -0.5 -0.5 -0.5 -0.5 -0.5 -0.5 -0.5 -0.5 -0.5 
-0.5 -0.5 -0.5 -0.5 nan -0.5 -0.5 -0.5 -0.5 -0.5 -0.5 -0.5 -0.5 -0.5 
-0.5 -0.5 -0.5 -0.5 -0.5 nan -0.5 -0.5 -0.5 -0.5 -0.5 -0.5 -0.5 -0.5 
-0.5 -0.5 -0.5 -0.5 -0.5 -0.5 nan -0.5 -0.5 -0.5 -0.5 -0.5 -0.5 -0.5 
-0.5 -0.5 -0.5 -0.5 -0.5 -0.5 -0.5 nan -0.5 -0.5 -0.5 -0.5 -0.5 -0.5 
-0.5 -0.5 -0.5 -0.5 -0.5 -0.5 -0.5 -0.5 nan -0.5 -0.5 -0.5 -0.5 -0.5 
Round11
-100.0 -0.5 -0.5 nan -0.5 -0.5 -0.5 -0.5 -0.5 -0.5 -0.5 -0.5 -0.5 100.0 
-0.5 -0.5 -0.5 nan -0.5 -0.5 -0.5 -0.5 -0.5 -0.5 -0.5 -0.5 -0.5 -0.5 
-0.5 -0.5 -0.5 nan -0.5 -0.5 -0.5 nan -0.5 -0.5 -0.5 -0.5 -0.5 -0.5 
-0.5 nan -0.5 nan -0.5 -0.5 -0.5 -0.5 nan -0.5 -0.5 -0.5 -0.5 -0.5 
-0.5 nan -0.5 nan -0.5 -0.5 -0.5 -0.5 -0.5 nan -0.5 -0.5 -0.5 -0.5 
-0.5 nan -0.5 nan -0.5 -0.5 -0.5 -0.5 -0.5 -0.5 nan -0.5 -0.5 -0.5 
-0.5 nan -0.5 -0.5 nan -0.5 -0.5 -0.5 -0.5 -0.5 -0.5 nan -0.5 -0.5 
-0.5 nan -0.5 -0.5 -0.5 nan -0.5 -0.5 -0.5 -0.5 -0.5 -0.5 nan -0.5 
-0.5 nan -0.5 -0.5 -0.5 -0.5 nan -0.5 -0.5 -0.5 -0.5 -0.5 -0.5 nan 
-0.5 nan -0.5 -0.5 -0.5 -0.5 -0.5 nan -0.5 -0.5 -0.5 -0.5 -0.5 -0.5 
-0.5 nan -0.5 -0.5 -0.5 -0.5 -0.5 -0.5 nan -0.5 -0.5 -0.5 -0.5 -0.5 
-0.5 -0.5 nan -0.5 -0.5 -0.5 -0.5 -0.5 -0.5 nan -0.5 -0.5 -0.5 -0.5 
-0.5 -0.5 -0.5 nan -0.5 -0.5 -0.5 -0.5 -0.5 -0.5 -0.5 -0.5 -0.5 -0.5 
-0.5 -0.5 -0.5 -0.5 nan -0.5 -0.5 -0.5 -0.5 -0.5 -0.5 -0.5 -0.5 -0.5 
-0.5 -0.5 -0.5 -0.5 -0.5 nan -0.5 -0.5 -0.5 -0.5 -0.5 -0.5 -0.5 -0.5 
-0.5 -0.5 -0.5 -0.5 -0.5 -0.5 nan -0.5 -0.5 -0.5 -0.5 -0.5 -0.5 -0.5 
-0.5 -0.5 -0.5 -0.5 -0.5 -0.5 -0.5 nan -0.5 -0.5 -0.5 -0.5 -0.5 -0.5 
-0.5 -0.5 -0.5 -0.5 -0.5 -0.5 -0.5 -0.5 nan -0.5 -0.5 -0.5 -0.5 -0.5 
Round12
-100.0 -0.5 -0.5 nan -0.5 -0.5 -0.5 -0.5 -0.5 -0.5 -0.5 -0.5 -0.5 100.0 
-0.5 -0.5 -0.5 nan -0.5 -0.5 -0.5 -0.5 -0.5 -0.5 -0.5 -0.5 -0.5 -0.5 
-0.5 -0.5 -0.5 nan -0.5 -0.5 -0.5 nan -0.5 -0.5 -0.5 -0.5 -0.5 -0.5 
-0.5 nan -0.5 nan -0.5 -0.5 -0.5 -0.5 nan -0.5 -0.5 -0.5 -0.5 -0.5 
-0.5 nan -0.5 nan -0.5 -0.5 -0.5 -0.5 -0.5 nan -0.5 -0.5 -0.5 -0.5 
-0.5 nan -0.5 nan -0.5 -0.5 -0.5 -0.5 -0.5 -0.5 nan -0.5 -0.5 -0.5 
-0.5 nan -0.5 -0.5 nan -0.5 -0.5 -0.5 -0.5 -0.5 -0.5 nan -0.5 -0.5 
-0.5 nan -0.5 -0.5 -0.5 nan -0.5 -0.5 -0.5 -0.5 -0.5 -0.5 nan -0.5 
-0.5 nan -0.5 -0.5 -0.5 -0.5 nan -0.5 -0.5 -0.5 -0.5 -0.5 -0.5 nan 
-0.5 nan -0.5 -0.5 -0.5 -0.5 -0.5 nan -0.5 -0.5 -0.5 -0.5 -0.5 -0.5 
-0.5 nan -0.5 -0.5 -0.5 -0.5 -0.5 -0.5 nan -0.5 -0.5 -0.5 -0.5 -0.5 
-0.5 -0.5 nan -0.5 -0.5 -0.5 -0.5 -0.5 -0.5 nan -0.5 -0.5 -0.5 -0.5 
-0.5 -0.5 -0.5 nan -0.5 -0.5 -0.5 -0.5 -0.5 -0.5 -0.5 -0.5 -0.5 -0.5 
-0.5 -0.5 -0.5 -0.5 nan -0.5 -0.5 -0.5 -0.5 -0.5 -0.5 -0.5 -0.5 -0.5 
-0.5 -0.5 -0.5 -0.5 -0.5 nan -0.5 -0.5 -0.5 -0.5 -0.5 -0.5 -0.5 -0.5 
-0.5 -0.5 -0.5 -0.5 -0.5 -0.5 nan -0.5 -0.5 -0.5 -0.5 -0.5 -0.5 -0.5 
-0.5 -0.5 -0.5 -0.5 -0.5 -0.5 -0.5 nan -0.5 -0.5 -0.5 -0.5 -0.5 -0.5 
-0.5 -0.5 -0.5 -0.5 -0.5 -0.5 -0.5 -0.5 nan -0.5 -0.5 -0.5 -0.5 -0.5 
Round13
-100.0 -0.5 -0.5 nan -0.5 -0.5 -0.5 -0.5 -0.5 -0.5 -0.5 -0.5 -0.5 100.0 
-0.5 -0.5 -0.5 nan -0.5 -0.5 -0.5 -0.5 -0.5 -0.5 -0.5 -0.5 -0.5 -0.5 
-0.5 -0.5 -0.5 nan -0.5 -0.5 -0.5 nan -0.5 -0.5 -0.5 -0.5 -0.5 -0.5 
-0.5 nan -0.5 nan -0.5 -0.5 -0.5 -0.5 nan -0.5 -0.5 -0.5 -0.5 -0.5 
-0.5 nan -0.5 nan -0.5 -0.5 -0.5 -0.5 -0.5 nan -0.5 -0.5 -0.5 -0.5 
-0.5 nan -0.5 nan -0.5 -0.5 -0.5 -0.5 -0.5 -0.5 nan -0.5 -0.5 -0.5 
-0.5 nan -0.5 -0.5 nan -0.5 -0.5 -0.5 -0.5 -0.5 -0.5 nan -0.5 -0.5 
-0.5 nan -0.5 -0.5 -0.5 nan -0.5 -0.5 -0.5 -0.5 -0.5 -0.5 nan -0.5 
-0.5 nan -0.5 -0.5 -0.5 -0.5 nan -0.5 -0.5 -0.5 -0.5 -0.5 -0.5 nan 
-0.5 nan -0.5 -0.5 -0.5 -0.5 -0.5 nan -0.5 -0.5 -0.5 -0.5 -0.5 -0.5 
-0.5 nan -0.5 -0.5 -0.5 -0.5 -0.5 -0.5 nan -0.5 -0.5 -0.5 -0.5 -0.5 
-0.5 -0.5 nan -0.5 -0.5 -0.5 -0.5 -0.5 -0.5 nan -0.5 -0.5 -0.5 -0.5 
-0.5 -0.5 -0.5 nan -0.5 -0.5 -0.5 -0.5 -0.5 -0.5 -0.5 -0.5 -0.5 -0.5 
-0.5 -0.5 -0.5 -0.5 nan -0.5 -0.5 -0.5 -0.5 -0.5 -0.5 -0.5 -0.5 -0.5 
-0.5 -0.5 -0.5 -0.5 -0.5 nan -0.5 -0.5 -0.5 -0.5 -0.5 -0.5 -0.5 -0.5 
-0.5 -0.5 -0.5 -0.5 -0.5 -0.5 nan -0.5 -0.5 -0.5 -0.5 -0.5 -0.5 -0.5 
-0.5 -0.5 -0.5 -0.5 -0.5 -0.5 -0.5 nan -0.5 -0.5 -0.5 -0.5 -0.5 -0.5 
-0.5 -0.5 -0.5 -0.5 -0.5 -0.5 -0.5 -0.5 nan -0.5 -0.5 -0.5 -0.5 -0.5 
Round14
-100.0 -0.5 -0.5 nan -0.5 -0.5 -0.5 -0.5 -0.5 -0.5 -0.5 -0.5 -0.5 100.0 
-0.5 -0.5 -0.5 nan -0.5 -0.5 -0.5 -0.5 -0.5 -0.5 -0.5 -0.5 -0.5 -0.5 
-0.5 -0.5 -0.5 nan -0.5 -0.5 -0.5 nan -0.5 -0.5 -0.5 -0.5 -0.5 -0.5 
-0.5 nan -0.5 nan -0.5 -0.5 -0.5 -0.5 nan -0.5 -0.5 -0.5 -0.5 -0.5 
-0.5 nan -0.5 nan -0.5 -0.5 -0.5 -0.5 -0.5 nan -0.5 -0.5 -0.5 -0.5 
-0.5 nan -0.5 nan -0.5 -0.5 -0.5 -0.5 -0.5 -0.5 nan -0.5 -0.5 -0.5 
-0.5 nan -0.5 -0.5 nan -0.5 -0.5 -0.5 -0.5 -0.5 -0.5 nan -0.5 -0.5 
-0.5 nan -0.5 -0.5 -0.5 nan -0.5 -0.5 -0.5 -0.5 -0.5 -0.5 nan -0.5 
-0.5 nan -0.5 -0.5 -0.5 -0.5 nan -0.5 -0.5 -0.5 -0.5 -0.5 -0.5 nan 
-0.5 nan -0.5 -0.5 -0.5 -0.5 -0.5 nan -0.5 -0.5 -0.5 -0.5 -0.5 -0.5 
-0.5 nan -0.5 -0.5 -0.5 -0.5 -0.5 -0.5 nan -0.5 -0.5 -0.5 -0.5 -0.5 
-0.5 -0.5 nan -0.5 -0.5 -0.5 -0.5 -0.5 -0.5 nan -0.5 -0.5 -0.5 -0.5 
-0.5 -0.5 -0.5 nan -0.5 -0.5 -0.5 -0.5 -0.5 -0.5 -0.5 -0.5 -0.5 -0.5 
-0.5 -0.5 -0.5 -0.5 nan -0.5 -0.5 -0.5 -0.5 -0.5 -0.5 -0.5 -0.5 -0.5 
-0.5 -0.5 -0.5 -0.5 -0.5 nan -0.5 -0.5 -0.5 -0.5 -0.5 -0.5 -0.5 -0.5 
-0.5 -0.5 -0.5 -0.5 -0.5 -0.5 nan -0.5 -0.5 -0.5 -0.5 -0.5 -0.5 -0.5 
-0.5 -0.5 -0.5 -0.5 -0.5 -0.5 -0.5 nan -0.5 -0.5 -0.5 -0.5 -0.5 -0.5 
-0.5 -0.5 -0.5 -0.5 -0.5 -0.5 -0.5 -0.5 nan -0.5 -0.5 -0.5 -0.5 -0.5 
Round15
-100.0 -0.5 -0.5 nan -0.5 -0.5 -0.5 -0.5 -0.5 -0.5 -0.5 -0.5 -0.5 100.0 
-0.5 -0.5 -0.5 nan -0.5 -0.5 -0.5 -0.5 -0.5 -0.5 -0.5 -0.5 -0.5 -0.5 
-0.5 -0.5 -0.5 nan -0.5 -0.5 -0.5 nan -0.5 -0.5 -0.5 -0.5 -0.5 -0.5 
-0.5 nan -0.5 nan -0.5 -0.5 -0.5 -0.5 nan -0.5 -0.5 -0.5 -0.5 -0.5 
-0.5 nan -0.5 nan -0.5 -0.5 -0.5 -0.5 -0.5 nan -0.5 -0.5 -0.5 -0.5 
-0.5 nan -0.5 nan -0.5 -0.5 -0.5 -0.5 -0.5 -0.5 nan -0.5 -0.5 -0.5 
-0.5 nan -0.5 -0.5 nan -0.5 -0.5 -0.5 -0.5 -0.5 -0.5 nan -0.5 -0.5 
-0.5 nan -0.5 -0.5 -0.5 nan -0.5 -0.5 -0.5 -0.5 -0.5 -0.5 nan -0.5 
-0.5 nan -0.5 -0.5 -0.5 -0.5 nan -0.5 -0.5 -0.5 -0.5 -0.5 -0.5 nan 
-0.5 nan -0.5 -0.5 -0.5 -0.5 -0.5 nan -0.5 -0.5 -0.5 -0.5 -0.5 -0.5 
-0.5 nan -0.5 -0.5 -0.5 -0.5 -0.5 -0.5 nan -0.5 -0.5 -0.5 -0.5 -0.5 
-0.5 -0.5 nan -0.5 -0.5 -0.5 -0.5 -0.5 -0.5 nan -0.5 -0.5 -0.5 -0.5 
-0.5 -0.5 -0.5 nan -0.5 -0.5 -0.5 -0.5 -0.5 -0.5 -0.5 -0.5 -0.5 -0.5 
-0.5 -0.5 -0.5 -0.5 nan -0.5 -0.5 -0.5 -0.5 -0.5 -0.5 -0.5 -0.5 -0.5 
-0.5 -0.5 -0.5 -0.5 -0.5 nan -0.5 -0.5 -0.5 -0.5 -0.5 -0.5 -0.5 -0.5 
-0.5 -0.5 -0.5 -0.5 -0.5 -0.5 nan -0.5 -0.5 -0.5 -0.5 -0.5 -0.5 -0.5 
-0.5 -0.5 -0.5 -0.5 -0.5 -0.5 -0.5 nan -0.5 -0.5 -0.5 -0.5 -0.5 -0.5 
-0.5 -0.5 -0.5 -0.5 -0.5 -0.5 -0.5 -0.5 nan -0.5 -0.5 -0.5 -0.5 -0.5 
Round16
-100.0 -0.5 -0.5 nan -0.5 -0.5 -0.5 -0.5 -0.5 -0.5 -0.5 -0.5 -0.5 100.0 
-0.5 -0.5 -0.5 nan -0.5 -0.5 -0.5 -0.5 -0.5 -0.5 -0.5 -0.5 -0.5 -0.5 
-0.5 -0.5 -0.5 nan -0.5 -0.5 -0.5 nan -0.5 -0.5 -0.5 -0.5 -0.5 -0.5 
-0.5 nan -0.5 nan -0.5 -0.5 -0.5 -0.5 nan -0.5 -0.5 -0.5 -0.5 -0.5 
-0.5 nan -0.5 nan -0.5 -0.5 -0.5 -0.5 -0.5 nan -0.5 -0.5 -0.5 -0.5 
-0.5 nan -0.5 nan -0.5 -0.5 -0.5 -0.5 -0.5 -0.5 nan -0.5 -0.5 -0.5 
-0.5 nan -0.5 -0.5 nan -0.5 -0.5 -0.5 -0.5 -0.5 -0.5 nan -0.5 -0.5 
-0.5 nan -0.5 -0.5 -0.5 nan -0.5 -0.5 -0.5 -0.5 -0.5 -0.5 nan -0.5 
-0.5 nan -0.5 -0.5 -0.5 -0.5 nan -0.5 -0.5 -0.5 -0.5 -0.5 -0.5 nan 
-0.5 nan -0.5 -0.5 -0.5 -0.5 -0.5 nan -0.5 -0.5 -0.5 -0.5 -0.5 -0.5 
-0.5 nan -0.5 -0.5 -0.5 -0.5 -0.5 -0.5 nan -0.5 -0.5 -0.5 -0.5 -0.5 
-0.5 -0.5 nan -0.5 -0.5 -0.5 -0.5 -0.5 -0.5 nan -0.5 -0.5 -0.5 -0.5 
-0.5 -0.5 -0.5 nan -0.5 -0.5 -0.5 -0.5 -0.5 -0.5 -0.5 -0.5 -0.5 -0.5 
-0.5 -0.5 -0.5 -0.5 nan -0.5 -0.5 -0.5 -0.5 -0.5 -0.5 -0.5 -0.5 -0.5 
-0.5 -0.5 -0.5 -0.5 -0.5 nan -0.5 -0.5 -0.5 -0.5 -0.5 -0.5 -0.5 -0.5 
-0.5 -0.5 -0.5 -0.5 -0.5 -0.5 nan -0.5 -0.5 -0.5 -0.5 -0.5 -0.5 -0.5 
-0.5 -0.5 -0.5 -0.5 -0.5 -0.5 -0.5 nan -0.5 -0.5 -0.5 -0.5 -0.5 -0.5 
-0.5 -0.5 -0.5 -0.5 -0.5 -0.5 -0.5 -0.5 nan -0.5 -0.5 -0.5 -0.5 -0.5 
Round17
-100.0 -0.5 -0.5 nan -0.5 -0.5 -0.5 -0.5 -0.5 -0.5 -0.5 -0.5 -0.5 100.0 
-0.5 -0.5 -0.5 nan -0.5 -0.5 -0.5 -0.5 -0.5 -0.5 -0.5 -0.5 -0.5 -0.5 
-0.5 -0.5 -0.5 nan -0.5 -0.5 -0.5 nan -0.5 -0.5 -0.5 -0.5 -0.5 -0.5 
-0.5 nan -0.5 nan -0.5 -0.5 -0.5 -0.5 nan -0.5 -0.5 -0.5 -0.5 -0.5 
-0.5 nan -0.5 nan -0.5 -0.5 -0.5 -0.5 -0.5 nan -0.5 -0.5 -0.5 -0.5 
-0.5 nan -0.5 nan -0.5 -0.5 -0.5 -0.5 -0.5 -0.5 nan -0.5 -0.5 -0.5 
-0.5 nan -0.5 -0.5 nan -0.5 -0.5 -0.5 -0.5 -0.5 -0.5 nan -0.5 -0.5 
-0.5 nan -0.5 -0.5 -0.5 nan -0.5 -0.5 -0.5 -0.5 -0.5 -0.5 nan -0.5 
-0.5 nan -0.5 -0.5 -0.5 -0.5 nan -0.5 -0.5 -0.5 -0.5 -0.5 -0.5 nan 
-0.5 nan -0.5 -0.5 -0.5 -0.5 -0.5 nan -0.5 -0.5 -0.5 -0.5 -0.5 -0.5 
-0.5 nan -0.5 -0.5 -0.5 -0.5 -0.5 -0.5 nan -0.5 -0.5 -0.5 -0.5 -0.5 
-0.5 -0.5 nan -0.5 -0.5 -0.5 -0.5 -0.5 -0.5 nan -0.5 -0.5 -0.5 -0.5 
-0.5 -0.5 -0.5 nan -0.5 -0.5 -0.5 -0.5 -0.5 -0.5 -0.5 -0.5 -0.5 -0.5 
-0.5 -0.5 -0.5 -0.5 nan -0.5 -0.5 -0.5 -0.5 -0.5 -0.5 -0.5 -0.5 -0.5 
-0.5 -0.5 -0.5 -0.5 -0.5 nan -0.5 -0.5 -0.5 -0.5 -0.5 -0.5 -0.5 -0.5 
-0.5 -0.5 -0.5 -0.5 -0.5 -0.5 nan -0.5 -0.5 -0.5 -0.5 -0.5 -0.5 -0.5 
-0.5 -0.5 -0.5 -0.5 -0.5 -0.5 -0.5 nan -0.5 -0.5 -0.5 -0.5 -0.5 -0.5 
-0.5 -0.5 -0.5 -0.5 -0.5 -0.5 -0.5 -0.5 nan -0.5 -0.5 -0.5 -0.5 -0.5 
Round18
-100.0 -0.5 -0.5 nan -0.5 -0.5 -0.5 -0.5 -0.5 -0.5 -0.5 -0.5 -0.5 100.0 
-0.5 -0.5 -0.5 nan -0.5 -0.5 -0.5 -0.5 -0.5 -0.5 -0.5 -0.5 -0.5 -0.5 
-0.5 -0.5 -0.5 nan -0.5 -0.5 -0.5 nan -0.5 -0.5 -0.5 -0.5 -0.5 -0.5 
-0.5 nan -0.5 nan -0.5 -0.5 -0.5 -0.5 nan -0.5 -0.5 -0.5 -0.5 -0.5 
-0.5 nan -0.5 nan -0.5 -0.5 -0.5 -0.5 -0.5 nan -0.5 -0.5 -0.5 -0.5 
-0.5 nan -0.5 nan -0.5 -0.5 -0.5 -0.5 -0.5 -0.5 nan -0.5 -0.5 -0.5 
-0.5 nan -0.5 -0.5 nan -0.5 -0.5 -0.5 -0.5 -0.5 -0.5 nan -0.5 -0.5 
-0.5 nan -0.5 -0.5 -0.5 nan -0.5 -0.5 -0.5 -0.5 -0.5 -0.5 nan -0.5 
-0.5 nan -0.5 -0.5 -0.5 -0.5 nan -0.5 -0.5 -0.5 -0.5 -0.5 -0.5 nan 
-0.5 nan -0.5 -0.5 -0.5 -0.5 -0.5 nan -0.5 -0.5 -0.5 -0.5 -0.5 -0.5 
-0.5 nan -0.5 -0.5 -0.5 -0.5 -0.5 -0.5 nan -0.5 -0.5 -0.5 -0.5 -0.5 
-0.5 -0.5 nan -0.5 -0.5 -0.5 -0.5 -0.5 -0.5 nan -0.5 -0.5 -0.5 -0.5 
-0.5 -0.5 -0.5 nan -0.5 -0.5 -0.5 -0.5 -0.5 -0.5 -0.5 -0.5 -0.5 -0.5 
-0.5 -0.5 -0.5 -0.5 nan -0.5 -0.5 -0.5 -0.5 -0.5 -0.5 -0.5 -0.5 -0.5 
-0.5 -0.5 -0.5 -0.5 -0.5 nan -0.5 -0.5 -0.5 -0.5 -0.5 -0.5 -0.5 -0.5 
-0.5 -0.5 -0.5 -0.5 -0.5 -0.5 nan -0.5 -0.5 -0.5 -0.5 -0.5 -0.5 -0.5 
-0.5 -0.5 -0.5 -0.5 -0.5 -0.5 -0.5 nan -0.5 -0.5 -0.5 -0.5 -0.5 -0.5 
-0.5 -0.5 -0.5 -0.5 -0.5 -0.5 -0.5 -0.5 nan -0.5 -0.5 -0.5 -0.5 -0.5 
Round19
-100.0 -0.5 -0.5 nan -0.5 -0.5 -0.5 -0.5 -0.5 -0.5 -0.5 -0.5 -0.5 100.0 
-0.5 -0.5 -0.5 nan -0.5 -0.5 -0.5 -0.5 -0.5 -0.5 -0.5 -0.5 -0.5 -0.5 
-0.5 -0.5 -0.5 nan -0.5 -0.5 -0.5 nan -0.5 -0.5 -0.5 -0.5 -0.5 -0.5 
-0.5 nan -0.5 nan -0.5 -0.5 -0.5 -0.5 nan -0.5 -0.5 -0.5 -0.5 -0.5 
-0.5 nan -0.5 nan -0.5 -0.5 -0.5 -0.5 -0.5 nan -0.5 -0.5 -0.5 -0.5 
-0.5 nan -0.5 nan -0.5 -0.5 -0.5 -0.5 -0.5 -0.5 nan -0.5 -0.5 -0.5 
-0.5 nan -0.5 -0.5 nan -0.5 -0.5 -0.5 -0.5 -0.5 -0.5 nan -0.5 -0.5 
-0.5 nan -0.5 -0.5 -0.5 nan -0.5 -0.5 -0.5 -0.5 -0.5 -0.5 nan -0.5 
-0.5 nan -0.5 -0.5 -0.5 -0.5 nan -0.5 -0.5 -0.5 -0.5 -0.5 -0.5 nan 
-0.5 nan -0.5 -0.5 -0.5 -0.5 -0.5 nan -0.5 -0.5 -0.5 -0.5 -0.5 -0.5 
-0.5 nan -0.5 -0.5 -0.5 -0.5 -0.5 -0.5 nan -0.5 -0.5 -0.5 -0.5 -0.5 
-0.5 -0.5 nan -0.5 -0.5 -0.5 -0.5 -0.5 -0.5 nan -0.5 -0.5 -0.5 -0.5 
-0.5 -0.5 -0.5 nan -0.5 -0.5 -0.5 -0.5 -0.5 -0.5 -0.5 -0.5 -0.5 -0.5 
-0.5 -0.5 -0.5 -0.5 nan -0.5 -0.5 -0.5 -0.5 -0.5 -0.5 -0.5 -0.5 -0.5 
-0.5 -0.5 -0.5 -0.5 -0.5 nan -0.5 -0.5 -0.5 -0.5 -0.5 -0.5 -0.5 -0.5 
-0.5 -0.5 -0.5 -0.5 -0.5 -0.5 nan -0.5 -0.5 -0.5 -0.5 -0.5 -0.5 -0.5 
-0.5 -0.5 -0.5 -0.5 -0.5 -0.5 -0.5 nan -0.5 -0.5 -0.5 -0.5 -0.5 -0.5 
-0.5 -0.5 -0.5 -0.5 -0.5 -0.5 -0.5 -0.5 nan -0.5 -0.5 -0.5 -0.5 -0.5 
Round20
-100.0 -0.5 -0.5 nan -0.5 -0.5 -0.5 -0.5 -0.5 -0.5 -0.5 -0.5 -0.5 100.0 
-0.5 -0.5 -0.5 nan -0.5 -0.5 -0.5 -0.5 -0.5 -0.5 -0.5 -0.5 -0.5 -0.5 
-0.5 -0.5 -0.5 nan -0.5 -0.5 -0.5 nan -0.5 -0.5 -0.5 -0.5 -0.5 -0.5 
-0.5 nan -0.5 nan -0.5 -0.5 -0.5 -0.5 nan -0.5 -0.5 -0.5 -0.5 -0.5 
-0.5 nan -0.5 nan -0.5 -0.5 -0.5 -0.5 -0.5 nan -0.5 -0.5 -0.5 -0.5 
-0.5 nan -0.5 nan -0.5 -0.5 -0.5 -0.5 -0.5 -0.5 nan -0.5 -0.5 -0.5 
-0.5 nan -0.5 -0.5 nan -0.5 -0.5 -0.5 -0.5 -0.5 -0.5 nan -0.5 -0.5 
-0.5 nan -0.5 -0.5 -0.5 nan -0.5 -0.5 -0.5 -0.5 -0.5 -0.5 nan -0.5 
-0.5 nan -0.5 -0.5 -0.5 -0.5 nan -0.5 -0.5 -0.5 -0.5 -0.5 -0.5 nan 
-0.5 nan -0.5 -0.5 -0.5 -0.5 -0.5 nan -0.5 -0.5 -0.5 -0.5 -0.5 -0.5 
-0.5 nan -0.5 -0.5 -0.5 -0.5 -0.5 -0.5 nan -0.5 -0.5 -0.5 -0.5 -0.5 
-0.5 -0.5 nan -0.5 -0.5 -0.5 -0.5 -0.5 -0.5 nan -0.5 -0.5 -0.5 -0.5 
-0.5 -0.5 -0.5 nan -0.5 -0.5 -0.5 -0.5 -0.5 -0.5 -0.5 -0.5 -0.5 -0.5 
-0.5 -0.5 -0.5 -0.5 nan -0.5 -0.5 -0.5 -0.5 -0.5 -0.5 -0.5 -0.5 -0.5 
-0.5 -0.5 -0.5 -0.5 -0.5 nan -0.5 -0.5 -0.5 -0.5 -0.5 -0.5 -0.5 -0.5 
-0.5 -0.5 -0.5 -0.5 -0.5 -0.5 nan -0.5 -0.5 -0.5 -0.5 -0.5 -0.5 -0.5 
-0.5 -0.5 -0.5 -0.5 -0.5 -0.5 -0.5 nan -0.5 -0.5 -0.5 -0.5 -0.5 -0.5 
-0.5 -0.5 -0.5 -0.5 -0.5 -0.5 -0.5 -0.5 nan -0.5 -0.5 -0.5 -0.5 -0.5 
Round21
-100.0 -0.5 -0.5 nan -0.5 -0.5 -0.5 -0.5 -0.5 -0.5 -0.5 -0.5 -0.5 100.0 
-0.5 -0.5 -0.5 nan -0.5 -0.5 -0.5 -0.5 -0.5 -0.5 -0.5 -0.5 -0.5 -0.5 
-0.5 -0.5 -0.5 nan -0.5 -0.5 -0.5 nan -0.5 -0.5 -0.5 -0.5 -0.5 -0.5 
-0.5 nan -0.5 nan -0.5 -0.5 -0.5 -0.5 nan -0.5 -0.5 -0.5 -0.5 -0.5 
-0.5 nan -0.5 nan -0.5 -0.5 -0.5 -0.5 -0.5 nan -0.5 -0.5 -0.5 -0.5 
-0.5 nan -0.5 nan -0.5 -0.5 -0.5 -0.5 -0.5 -0.5 nan -0.5 -0.5 -0.5 
-0.5 nan -0.5 -0.5 nan -0.5 -0.5 -0.5 -0.5 -0.5 -0.5 nan -0.5 -0.5 
-0.5 nan -0.5 -0.5 -0.5 nan -0.5 -0.5 -0.5 -0.5 -0.5 -0.5 nan -0.5 
-0.5 nan -0.5 -0.5 -0.5 -0.5 nan -0.5 -0.5 -0.5 -0.5 -0.5 -0.5 nan 
-0.5 nan -0.5 -0.5 -0.5 -0.5 -0.5 nan -0.5 -0.5 -0.5 -0.5 -0.5 -0.5 
-0.5 nan -0.5 -0.5 -0.5 -0.5 -0.5 -0.5 nan -0.5 -0.5 -0.5 -0.5 -0.5 
-0.5 -0.5 nan -0.5 -0.5 -0.5 -0.5 -0.5 -0.5 nan -0.5 -0.5 -0.5 -0.5 
-0.5 -0.5 -0.5 nan -0.5 -0.5 -0.5 -0.5 -0.5 -0.5 -0.5 -0.5 -0.5 -0.5 
-0.5 -0.5 -0.5 -0.5 nan -0.5 -0.5 -0.5 -0.5 -0.5 -0.5 -0.5 -0.5 -0.5 
-0.5 -0.5 -0.5 -0.5 -0.5 nan -0.5 -0.5 -0.5 -0.5 -0.5 -0.5 -0.5 -0.5 
-0.5 -0.5 -0.5 -0.5 -0.5 -0.5 nan -0.5 -0.5 -0.5 -0.5 -0.5 -0.5 -0.5 
-0.5 -0.5 -0.5 -0.5 -0.5 -0.5 -0.5 nan -0.5 -0.5 -0.5 -0.5 -0.5 -0.5 
-0.5 -0.5 -0.5 -0.5 -0.5 -0.5 -0.5 -0.5 nan -0.5 -0.5 -0.5 -0.5 -0.5 
Round22
-100.0 -0.5 -0.5 nan -0.5 -0.5 -0.5 -0.5 -0.5 -0.5 -0.5 -0.5 -0.5 100.0 
-0.5 -0.5 -0.5 nan -0.5 -0.5 -0.5 -0.5 -0.5 -0.5 -0.5 -0.5 -0.5 -0.5 
-0.5 -0.5 -0.5 nan -0.5 -0.5 -0.5 nan -0.5 -0.5 -0.5 -0.5 -0.5 -0.5 
-0.5 nan -0.5 nan -0.5 -0.5 -0.5 -0.5 nan -0.5 -0.5 -0.5 -0.5 -0.5 
-0.5 nan -0.5 nan -0.5 -0.5 -0.5 -0.5 -0.5 nan -0.5 -0.5 -0.5 -0.5 
-0.5 nan -0.5 nan -0.5 -0.5 -0.5 -0.5 -0.5 -0.5 nan -0.5 -0.5 -0.5 
-0.5 nan -0.5 -0.5 nan -0.5 -0.5 -0.5 -0.5 -0.5 -0.5 nan -0.5 -0.5 
-0.5 nan -0.5 -0.5 -0.5 nan -0.5 -0.5 -0.5 -0.5 -0.5 -0.5 nan -0.5 
-0.5 nan -0.5 -0.5 -0.5 -0.5 nan -0.5 -0.5 -0.5 -0.5 -0.5 -0.5 nan 
-0.5 nan -0.5 -0.5 -0.5 -0.5 -0.5 nan -0.5 -0.5 -0.5 -0.5 -0.5 -0.5 
-0.5 nan -0.5 -0.5 -0.5 -0.5 -0.5 -0.5 nan -0.5 -0.5 -0.5 -0.5 -0.5 
-0.5 -0.5 nan -0.5 -0.5 -0.5 -0.5 -0.5 -0.5 nan -0.5 -0.5 -0.5 -0.5 
-0.5 -0.5 -0.5 nan -0.5 -0.5 -0.5 -0.5 -0.5 -0.5 -0.5 -0.5 -0.5 -0.5 
-0.5 -0.5 -0.5 -0.5 nan -0.5 -0.5 -0.5 -0.5 -0.5 -0.5 -0.5 -0.5 -0.5 
-0.5 -0.5 -0.5 -0.5 -0.5 nan -0.5 -0.5 -0.5 -0.5 -0.5 -0.5 -0.5 -0.5 
-0.5 -0.5 -0.5 -0.5 -0.5 -0.5 nan -0.5 -0.5 -0.5 -0.5 -0.5 -0.5 -0.5 
-0.5 -0.5 -0.5 -0.5 -0.5 -0.5 -0.5 nan -0.5 -0.5 -0.5 -0.5 -0.5 -0.5 
-0.5 -0.5 -0.5 -0.5 -0.5 -0.5 -0.5 -0.5 nan -0.5 -0.5 -0.5 -0.5 -0.5 
Round23
-100.0 -0.5 -0.5 nan -0.5 -0.5 -0.5 -0.5 -0.5 -0.5 -0.5 -0.5 -0.5 100.0 
-0.5 -0.5 -0.5 nan -0.5 -0.5 -0.5 -0.5 -0.5 -0.5 -0.5 -0.5 -0.5 -0.5 
-0.5 -0.5 -0.5 nan -0.5 -0.5 -0.5 nan -0.5 -0.5 -0.5 -0.5 -0.5 -0.5 
-0.5 nan -0.5 nan -0.5 -0.5 -0.5 -0.5 nan -0.5 -0.5 -0.5 -0.5 -0.5 
-0.5 nan -0.5 nan -0.5 -0.5 -0.5 -0.5 -0.5 nan -0.5 -0.5 -0.5 -0.5 
-0.5 nan -0.5 nan -0.5 -0.5 -0.5 -0.5 -0.5 -0.5 nan -0.5 -0.5 -0.5 
-0.5 nan -0.5 -0.5 nan -0.5 -0.5 -0.5 -0.5 -0.5 -0.5 nan -0.5 -0.5 
-0.5 nan -0.5 -0.5 -0.5 nan -0.5 -0.5 -0.5 -0.5 -0.5 -0.5 nan -0.5 
-0.5 nan -0.5 -0.5 -0.5 -0.5 nan -0.5 -0.5 -0.5 -0.5 -0.5 -0.5 nan 
-0.5 nan -0.5 -0.5 -0.5 -0.5 -0.5 nan -0.5 -0.5 -0.5 -0.5 -0.5 -0.5 
-0.5 nan -0.5 -0.5 -0.5 -0.5 -0.5 -0.5 nan -0.5 -0.5 -0.5 -0.5 -0.5 
-0.5 -0.5 nan -0.5 -0.5 -0.5 -0.5 -0.5 -0.5 nan -0.5 -0.5 -0.5 -0.5 
-0.5 -0.5 -0.5 nan -0.5 -0.5 -0.5 -0.5 -0.5 -0.5 -0.5 -0.5 -0.5 -0.5 
-0.5 -0.5 -0.5 -0.5 nan -0.5 -0.5 -0.5 -0.5 -0.5 -0.5 -0.5 -0.5 -0.5 
-0.5 -0.5 -0.5 -0.5 -0.5 nan -0.5 -0.5 -0.5 -0.5 -0.5 -0.5 -0.5 -0.5 
-0.5 -0.5 -0.5 -0.5 -0.5 -0.5 nan -0.5 -0.5 -0.5 -0.5 -0.5 -0.5 -0.5 
-0.5 -0.5 -0.5 -0.5 -0.5 -0.5 -0.5 nan -0.5 -0.5 -0.5 -0.5 -0.5 -0.5 
-0.5 -0.5 -0.5 -0.5 -0.5 -0.5 -0.5 -0.5 nan -0.5 -0.5 -0.5 -0.5 -0.5 
Round24
-100.0 -0.5 -0.5 nan -0.5 -0.5 -0.5 -0.5 -0.5 -0.5 -0.5 -0.5 -0.5 100.0 
-0.5 -0.5 -0.5 nan -0.5 -0.5 -0.5 -0.5 -0.5 -0.5 -0.5 -0.5 -0.5 -0.5 
-0.5 -0.5 -0.5 nan -0.5 -0.5 -0.5 nan -0.5 -0.5 -0.5 -0.5 -0.5 -0.5 
-0.5 nan -0.5 nan -0.5 -0.5 -0.5 -0.5 nan -0.5 -0.5 -0.5 -0.5 -0.5 
-0.5 nan -0.5 nan -0.5 -0.5 -0.5 -0.5 -0.5 nan -0.5 -0.5 -0.5 -0.5 
-0.5 nan -0.5 nan -0.5 -0.5 -0.5 -0.5 -0.5 -0.5 nan -0.5 -0.5 -0.5 
-0.5 nan -0.5 -0.5 nan -0.5 -0.5 -0.5 -0.5 -0.5 -0.5 nan -0.5 -0.5 
-0.5 nan -0.5 -0.5 -0.5 nan -0.5 -0.5 -0.5 -0.5 -0.5 -0.5 nan -0.5 
-0.5 nan -0.5 -0.5 -0.5 -0.5 nan -0.5 -0.5 -0.5 -0.5 -0.5 -0.5 nan 
-0.5 nan -0.5 -0.5 -0.5 -0.5 -0.5 nan -0.5 -0.5 -0.5 -0.5 -0.5 -0.5 
-0.5 nan -0.5 -0.5 -0.5 -0.5 -0.5 -0.5 nan -0.5 -0.5 -0.5 -0.5 -0.5 
-0.5 -0.5 nan -0.5 -0.5 -0.5 -0.5 -0.5 -0.5 nan -0.5 -0.5 -0.5 -0.5 
-0.5 -0.5 -0.5 nan -0.5 -0.5 -0.5 -0.5 -0.5 -0.5 -0.5 -0.5 -0.5 -0.5 
-0.5 -0.5 -0.5 -0.5 nan -0.5 -0.5 -0.5 -0.5 -0.5 -0.5 -0.5 -0.5 -0.5 
-0.5 -0.5 -0.5 -0.5 -0.5 nan -0.5 -0.5 -0.5 -0.5 -0.5 -0.5 -0.5 -0.5 
-0.5 -0.5 -0.5 -0.5 -0.5 -0.5 nan -0.5 -0.5 -0.5 -0.5 -0.5 -0.5 -0.5 
-0.5 -0.5 -0.5 -0.5 -0.5 -0.5 -0.5 nan -0.5 -0.5 -0.5 -0.5 -0.5 -0.5 
-0.5 -0.5 -0.5 -0.5 -0.5 -0.5 -0.5 -0.5 nan -0.5 -0.5 -0.5 -0.5 -0.5 
Round25
-100.0 -0.5 -0.5 nan -0.5 -0.5 -0.5 -0.5 -0.5 -0.5 -0.5 -0.5 -0.5 100.0 
-0.5 -0.5 -0.5 nan -0.5 -0.5 -0.5 -0.5 -0.5 -0.5 -0.5 -0.5 -0.5 -0.5 
-0.5 -0.5 -0.5 nan -0.5 -0.5 -0.5 nan -0.5 -0.5 -0.5 -0.5 -0.5 -0.5 
-0.5 nan -0.5 nan -0.5 -0.5 -0.5 -0.5 nan -0.5 -0.5 -0.5 -0.5 -0.5 
-0.5 nan -0.5 nan -0.5 -0.5 -0.5 -0.5 -0.5 nan -0.5 -0.5 -0.5 -0.5 
-0.5 nan -0.5 nan -0.5 -0.5 -0.5 -0.5 -0.5 -0.5 nan -0.5 -0.5 -0.5 
-0.5 nan -0.5 -0.5 nan -0.5 -0.5 -0.5 -0.5 -0.5 -0.5 nan -0.5 -0.5 
-0.5 nan -0.5 -0.5 -0.5 nan -0.5 -0.5 -0.5 -0.5 -0.5 -0.5 nan -0.5 
-0.5 nan -0.5 -0.5 -0.5 -0.5 nan -0.5 -0.5 -0.5 -0.5 -0.5 -0.5 nan 
-0.5 nan -0.5 -0.5 -0.5 -0.5 -0.5 nan -0.5 -0.5 -0.5 -0.5 -0.5 -0.5 
-0.5 nan -0.5 -0.5 -0.5 -0.5 -0.5 -0.5 nan -0.5 -0.5 -0.5 -0.5 -0.5 
-0.5 -0.5 nan -0.5 -0.5 -0.5 -0.5 -0.5 -0.5 nan -0.5 -0.5 -0.5 -0.5 
-0.5 -0.5 -0.5 nan -0.5 -0.5 -0.5 -0.5 -0.5 -0.5 -0.5 -0.5 -0.5 -0.5 
-0.5 -0.5 -0.5 -0.5 nan -0.5 -0.5 -0.5 -0.5 -0.5 -0.5 -0.5 -0.5 -0.5 
-0.5 -0.5 -0.5 -0.5 -0.5 nan -0.5 -0.5 -0.5 -0.5 -0.5 -0.5 -0.5 -0.5 
-0.5 -0.5 -0.5 -0.5 -0.5 -0.5 nan -0.5 -0.5 -0.5 -0.5 -0.5 -0.5 -0.5 
-0.5 -0.5 -0.5 -0.5 -0.5 -0.5 -0.5 nan -0.5 -0.5 -0.5 -0.5 -0.5 -0.5 
-0.5 -0.5 -0.5 -0.5 -0.5 -0.5 -0.5 -0.5 nan -0.5 -0.5 -0.5 -0.5 -0.5 
Round26
-100.0 -0.5 -0.5 nan -0.5 -0.5 -0.5 -0.5 -0.5 -0.5 -0.5 -0.5 -0.5 100.0 
-0.5 -0.5 -0.5 nan -0.5 -0.5 -0.5 -0.5 -0.5 -0.5 -0.5 -0.5 -0.5 -0.5 
-0.5 -0.5 -0.5 nan -0.5 -0.5 -0.5 nan -0.5 -0.5 -0.5 -0.5 -0.5 -0.5 
-0.5 nan -0.5 nan -0.5 -0.5 -0.5 -0.5 nan -0.5 -0.5 -0.5 -0.5 -0.5 
-0.5 nan -0.5 nan -0.5 -0.5 -0.5 -0.5 -0.5 nan -0.5 -0.5 -0.5 -0.5 
-0.5 nan -0.5 nan -0.5 -0.5 -0.5 -0.5 -0.5 -0.5 nan -0.5 -0.5 -0.5 
-0.5 nan -0.5 -0.5 nan -0.5 -0.5 -0.5 -0.5 -0.5 -0.5 nan -0.5 -0.5 
-0.5 nan -0.5 -0.5 -0.5 nan -0.5 -0.5 -0.5 -0.5 -0.5 -0.5 nan -0.5 
-0.5 nan -0.5 -0.5 -0.5 -0.5 nan -0.5 -0.5 -0.5 -0.5 -0.5 -0.5 nan 
-0.5 nan -0.5 -0.5 -0.5 -0.5 -0.5 nan -0.5 -0.5 -0.5 -0.5 -0.5 -0.5 
-0.5 nan -0.5 -0.5 -0.5 -0.5 -0.5 -0.5 nan -0.5 -0.5 -0.5 -0.5 -0.5 
-0.5 -0.5 nan -0.5 -0.5 -0.5 -0.5 -0.5 -0.5 nan -0.5 -0.5 -0.5 -0.5 
-0.5 -0.5 -0.5 nan -0.5 -0.5 -0.5 -0.5 -0.5 -0.5 -0.5 -0.5 -0.5 -0.5 
-0.5 -0.5 -0.5 -0.5 nan -0.5 -0.5 -0.5 -0.5 -0.5 -0.5 -0.5 -0.5 -0.5 
-0.5 -0.5 -0.5 -0.5 -0.5 nan -0.5 -0.5 -0.5 -0.5 -0.5 -0.5 -0.5 -0.5 
-0.5 -0.5 -0.5 -0.5 -0.5 -0.5 nan -0.5 -0.5 -0.5 -0.5 -0.5 -0.5 -0.5 
-0.5 -0.5 -0.5 -0.5 -0.5 -0.5 -0.5 nan -0.5 -0.5 -0.5 -0.5 -0.5 -0.5 
-0.5 -0.5 -0.5 -0.5 -0.5 -0.5 -0.5 -0.5 nan -0.5 -0.5 -0.5 -0.5 -0.5 
Round27
-100.0 -0.5 -0.5 nan -0.5 -0.5 -0.5 -0.5 -0.5 -0.5 -0.5 -0.5 -0.5 100.0 
-0.5 -0.5 -0.5 nan -0.5 -0.5 -0.5 -0.5 -0.5 -0.5 -0.5 -0.5 -0.5 -0.5 
-0.5 -0.5 -0.5 nan -0.5 -0.5 -0.5 nan -0.5 -0.5 -0.5 -0.5 -0.5 -0.5 
-0.5 nan -0.5 nan -0.5 -0.5 -0.5 -0.5 nan -0.5 -0.5 -0.5 -0.5 -0.5 
-0.5 nan -0.5 nan -0.5 -0.5 -0.5 -0.5 -0.5 nan -0.5 -0.5 -0.5 -0.5 
-0.5 nan -0.5 nan -0.5 -0.5 -0.5 -0.5 -0.5 -0.5 nan -0.5 -0.5 -0.5 
-0.5 nan -0.5 -0.5 nan -0.5 -0.5 -0.5 -0.5 -0.5 -0.5 nan -0.5 -0.5 
-0.5 nan -0.5 -0.5 -0.5 nan -0.5 -0.5 -0.5 -0.5 -0.5 -0.5 nan -0.5 
-0.5 nan -0.5 -0.5 -0.5 -0.5 nan -0.5 -0.5 -0.5 -0.5 -0.5 -0.5 nan 
-0.5 nan -0.5 -0.5 -0.5 -0.5 -0.5 nan -0.5 -0.5 -0.5 -0.5 -0.5 -0.5 
-0.5 nan -0.5 -0.5 -0.5 -0.5 -0.5 -0.5 nan -0.5 -0.5 -0.5 -0.5 -0.5 
-0.5 -0.5 nan -0.5 -0.5 -0.5 -0.5 -0.5 -0.5 nan -0.5 -0.5 -0.5 -0.5 
-0.5 -0.5 -0.5 nan -0.5 -0.5 -0.5 -0.5 -0.5 -0.5 -0.5 -0.5 -0.5 -0.5 
-0.5 -0.5 -0.5 -0.5 nan -0.5 -0.5 -0.5 -0.5 -0.5 -0.5 -0.5 -0.5 -0.5 
-0.5 -0.5 -0.5 -0.5 -0.5 nan -0.5 -0.5 -0.5 -0.5 -0.5 -0.5 -0.5 -0.5 
-0.5 -0.5 -0.5 -0.5 -0.5 -0.5 nan -0.5 -0.5 -0.5 -0.5 -0.5 -0.5 -0.5 
-0.5 -0.5 -0.5 -0.5 -0.5 -0.5 -0.5 nan -0.5 -0.5 -0.5 -0.5 -0.5 -0.5 
-0.5 -0.5 -0.5 -0.5 -0.5 -0.5 -0.5 -0.5 nan -0.5 -0.5 -0.5 -0.5 -0.5 
Round28
-100.0 -0.5 -0.5 nan -0.5 -0.5 -0.5 -0.5 -0.5 -0.5 -0.5 -0.5 -0.5 100.0 
-0.5 -0.5 -0.5 nan -0.5 -0.5 -0.5 -0.5 -0.5 -0.5 -0.5 -0.5 -0.5 -0.5 
-0.5 -0.5 -0.5 nan -0.5 -0.5 -0.5 nan -0.5 -0.5 -0.5 -0.5 -0.5 -0.5 
-0.5 nan -0.5 nan -0.5 -0.5 -0.5 -0.5 nan -0.5 -0.5 -0.5 -0.5 -0.5 
-0.5 nan -0.5 nan -0.5 -0.5 -0.5 -0.5 -0.5 nan -0.5 -0.5 -0.5 -0.5 
-0.5 nan -0.5 nan -0.5 -0.5 -0.5 -0.5 -0.5 -0.5 nan -0.5 -0.5 -0.5 
-0.5 nan -0.5 -0.5 nan -0.5 -0.5 -0.5 -0.5 -0.5 -0.5 nan -0.5 -0.5 
-0.5 nan -0.5 -0.5 -0.5 nan -0.5 -0.5 -0.5 -0.5 -0.5 -0.5 nan -0.5 
-0.5 nan -0.5 -0.5 -0.5 -0.5 nan -0.5 -0.5 -0.5 -0.5 -0.5 -0.5 nan 
-0.5 nan -0.5 -0.5 -0.5 -0.5 -0.5 nan -0.5 -0.5 -0.5 -0.5 -0.5 -0.5 
-0.5 nan -0.5 -0.5 -0.5 -0.5 -0.5 -0.5 nan -0.5 -0.5 -0.5 -0.5 -0.5 
-0.5 -0.5 nan -0.5 -0.5 -0.5 -0.5 -0.5 -0.5 nan -0.5 -0.5 -0.5 -0.5 
-0.5 -0.5 -0.5 nan -0.5 -0.5 -0.5 -0.5 -0.5 -0.5 -0.5 -0.5 -0.5 -0.5 
-0.5 -0.5 -0.5 -0.5 nan -0.5 -0.5 -0.5 -0.5 -0.5 -0.5 -0.5 -0.5 -0.5 
-0.5 -0.5 -0.5 -0.5 -0.5 nan -0.5 -0.5 -0.5 -0.5 -0.5 -0.5 -0.5 -0.5 
-0.5 -0.5 -0.5 -0.5 -0.5 -0.5 nan -0.5 -0.5 -0.5 -0.5 -0.5 -0.5 -0.5 
-0.5 -0.5 -0.5 -0.5 -0.5 -0.5 -0.5 nan -0.5 -0.5 -0.5 -0.5 -0.5 -0.5 
-0.5 -0.5 -0.5 -0.5 -0.5 -0.5 -0.5 -0.5 nan -0.5 -0.5 -0.5 -0.5 -0.5 
Round29
-100.0 -0.5 -0.5 nan -0.5 -0.5 -0.5 -0.5 -0.5 -0.5 -0.5 -0.5 -0.5 100.0 
-0.5 -0.5 -0.5 nan -0.5 -0.5 -0.5 -0.5 -0.5 -0.5 -0.5 -0.5 -0.5 -0.5 
-0.5 -0.5 -0.5 nan -0.5 -0.5 -0.5 nan -0.5 -0.5 -0.5 -0.5 -0.5 -0.5 
-0.5 nan -0.5 nan -0.5 -0.5 -0.5 -0.5 nan -0.5 -0.5 -0.5 -0.5 -0.5 
-0.5 nan -0.5 nan -0.5 -0.5 -0.5 -0.5 -0.5 nan -0.5 -0.5 -0.5 -0.5 
-0.5 nan -0.5 nan -0.5 -0.5 -0.5 -0.5 -0.5 -0.5 nan -0.5 -0.5 -0.5 
-0.5 nan -0.5 -0.5 nan -0.5 -0.5 -0.5 -0.5 -0.5 -0.5 nan -0.5 -0.5 
-0.5 nan -0.5 -0.5 -0.5 nan -0.5 -0.5 -0.5 -0.5 -0.5 -0.5 nan -0.5 
-0.5 nan -0.5 -0.5 -0.5 -0.5 nan -0.5 -0.5 -0.5 -0.5 -0.5 -0.5 nan 
-0.5 nan -0.5 -0.5 -0.5 -0.5 -0.5 nan -0.5 -0.5 -0.5 -0.5 -0.5 -0.5 
-0.5 nan -0.5 -0.5 -0.5 -0.5 -0.5 -0.5 nan -0.5 -0.5 -0.5 -0.5 -0.5 
-0.5 -0.5 nan -0.5 -0.5 -0.5 -0.5 -0.5 -0.5 nan -0.5 -0.5 -0.5 -0.5 
-0.5 -0.5 -0.5 nan -0.5 -0.5 -0.5 -0.5 -0.5 -0.5 -0.5 -0.5 -0.5 -0.5 
-0.5 -0.5 -0.5 -0.5 nan -0.5 -0.5 -0.5 -0.5 -0.5 -0.5 -0.5 -0.5 -0.5 
-0.5 -0.5 -0.5 -0.5 -0.5 nan -0.5 -0.5 -0.5 -0.5 -0.5 -0.5 -0.5 -0.5 
-0.5 -0.5 -0.5 -0.5 -0.5 -0.5 nan -0.5 -0.5 -0.5 -0.5 -0.5 -0.5 -0.5 
-0.5 -0.5 -0.5 -0.5 -0.5 -0.5 -0.5 nan -0.5 -0.5 -0.5 -0.5 -0.5 -0.5 
-0.5 -0.5 -0.5 -0.5 -0.5 -0.5 -0.5 -0.5 nan -0.5 -0.5 -0.5 -0.5 -0.5 
Round30
-100.0 -0.5 -0.5 nan -0.5 -0.5 -0.5 -0.5 -0.5 -0.5 -0.5 -0.5 -0.5 100.0 
-0.5 -0.5 -0.5 nan -0.5 -0.5 -0.5 -0.5 -0.5 -0.5 -0.5 -0.5 -0.5 -0.5 
-0.5 -0.5 -0.5 nan -0.5 -0.5 -0.5 nan -0.5 -0.5 -0.5 -0.5 -0.5 -0.5 
-0.5 nan -0.5 nan -0.5 -0.5 -0.5 -0.5 nan -0.5 -0.5 -0.5 -0.5 -0.5 
-0.5 nan -0.5 nan -0.5 -0.5 -0.5 -0.5 -0.5 nan -0.5 -0.5 -0.5 -0.5 
-0.5 nan -0.5 nan -0.5 -0.5 -0.5 -0.5 -0.5 -0.5 nan -0.5 -0.5 -0.5 
-0.5 nan -0.5 -0.5 nan -0.5 -0.5 -0.5 -0.5 -0.5 -0.5 nan -0.5 -0.5 
-0.5 nan -0.5 -0.5 -0.5 nan -0.5 -0.5 -0.5 -0.5 -0.5 -0.5 nan -0.5 
-0.5 nan -0.5 -0.5 -0.5 -0.5 nan -0.5 -0.5 -0.5 -0.5 -0.5 -0.5 nan 
-0.5 nan -0.5 -0.5 -0.5 -0.5 -0.5 nan -0.5 -0.5 -0.5 -0.5 -0.5 -0.5 
-0.5 nan -0.5 -0.5 -0.5 -0.5 -0.5 -0.5 nan -0.5 -0.5 -0.5 -0.5 -0.5 
-0.5 -0.5 nan -0.5 -0.5 -0.5 -0.5 -0.5 -0.5 nan -0.5 -0.5 -0.5 -0.5 
-0.5 -0.5 -0.5 nan -0.5 -0.5 -0.5 -0.5 -0.5 -0.5 -0.5 -0.5 -0.5 -0.5 
-0.5 -0.5 -0.5 -0.5 nan -0.5 -0.5 -0.5 -0.5 -0.5 -0.5 -0.5 -0.5 -0.5 
-0.5 -0.5 -0.5 -0.5 -0.5 nan -0.5 -0.5 -0.5 -0.5 -0.5 -0.5 -0.5 -0.5 
-0.5 -0.5 -0.5 -0.5 -0.5 -0.5 nan -0.5 -0.5 -0.5 -0.5 -0.5 -0.5 -0.5 
-0.5 -0.5 -0.5 -0.5 -0.5 -0.5 -0.5 nan -0.5 -0.5 -0.5 -0.5 -0.5 -0.5 
-0.5 -0.5 -0.5 -0.5 -0.5 -0.5 -0.5 -0.5 nan -0.5 -0.5 -0.5 -0.5 -0.5 
Round31
-100.0 -0.5 -0.5 nan -0.5 -0.5 -0.5 -0.5 -0.5 -0.5 -0.5 -0.5 -0.5 100.0 
-0.5 -0.5 -0.5 nan -0.5 -0.5 -0.5 -0.5 -0.5 -0.5 -0.5 -0.5 -0.5 -0.5 
-0.5 -0.5 -0.5 nan -0.5 -0.5 -0.5 nan -0.5 -0.5 -0.5 -0.5 -0.5 -0.5 
-0.5 nan -0.5 nan -0.5 -0.5 -0.5 -0.5 nan -0.5 -0.5 -0.5 -0.5 -0.5 
-0.5 nan -0.5 nan -0.5 -0.5 -0.5 -0.5 -0.5 nan -0.5 -0.5 -0.5 -0.5 
-0.5 nan -0.5 nan -0.5 -0.5 -0.5 -0.5 -0.5 -0.5 nan -0.5 -0.5 -0.5 
-0.5 nan -0.5 -0.5 nan -0.5 -0.5 -0.5 -0.5 -0.5 -0.5 nan -0.5 -0.5 
-0.5 nan -0.5 -0.5 -0.5 nan -0.5 -0.5 -0.5 -0.5 -0.5 -0.5 nan -0.5 
-0.5 nan -0.5 -0.5 -0.5 -0.5 nan -0.5 -0.5 -0.5 -0.5 -0.5 -0.5 nan 
-0.5 nan -0.5 -0.5 -0.5 -0.5 -0.5 nan -0.5 -0.5 -0.5 -0.5 -0.5 -0.5 
-0.5 nan -0.5 -0.5 -0.5 -0.5 -0.5 -0.5 nan -0.5 -0.5 -0.5 -0.5 -0.5 
-0.5 -0.5 nan -0.5 -0.5 -0.5 -0.5 -0.5 -0.5 nan -0.5 -0.5 -0.5 -0.5 
-0.5 -0.5 -0.5 nan -0.5 -0.5 -0.5 -0.5 -0.5 -0.5 -0.5 -0.5 -0.5 -0.5 
-0.5 -0.5 -0.5 -0.5 nan -0.5 -0.5 -0.5 -0.5 -0.5 -0.5 -0.5 -0.5 -0.5 
-0.5 -0.5 -0.5 -0.5 -0.5 nan -0.5 -0.5 -0.5 -0.5 -0.5 -0.5 -0.5 -0.5 
-0.5 -0.5 -0.5 -0.5 -0.5 -0.5 nan -0.5 -0.5 -0.5 -0.5 -0.5 -0.5 -0.5 
-0.5 -0.5 -0.5 -0.5 -0.5 -0.5 -0.5 nan -0.5 -0.5 -0.5 -0.5 -0.5 -0.5 
-0.5 -0.5 -0.5 -0.5 -0.5 -0.5 -0.5 -0.5 nan -0.5 -0.5 -0.5 -0.5 -0.5 
Round32
-100.0 -0.5 -0.5 nan -0.5 -0.5 -0.5 -0.5 -0.5 -0.5 -0.5 -0.5 -0.5 100.0 
-0.5 -0.5 -0.5 nan -0.5 -0.5 -0.5 -0.5 -0.5 -0.5 -0.5 -0.5 -0.5 -0.5 
-0.5 -0.5 -0.5 nan -0.5 -0.5 -0.5 nan -0.5 -0.5 -0.5 -0.5 -0.5 -0.5 
-0.5 nan -0.5 nan -0.5 -0.5 -0.5 -0.5 nan -0.5 -0.5 -0.5 -0.5 -0.5 
-0.5 nan -0.5 nan -0.5 -0.5 -0.5 -0.5 -0.5 nan -0.5 -0.5 -0.5 -0.5 
-0.5 nan -0.5 nan -0.5 -0.5 -0.5 -0.5 -0.5 -0.5 nan -0.5 -0.5 -0.5 
-0.5 nan -0.5 -0.5 nan -0.5 -0.5 -0.5 -0.5 -0.5 -0.5 nan -0.5 -0.5 
-0.5 nan -0.5 -0.5 -0.5 nan -0.5 -0.5 -0.5 -0.5 -0.5 -0.5 nan -0.5 
-0.5 nan -0.5 -0.5 -0.5 -0.5 nan -0.5 -0.5 -0.5 -0.5 -0.5 -0.5 nan 
-0.5 nan -0.5 -0.5 -0.5 -0.5 -0.5 nan -0.5 -0.5 -0.5 -0.5 -0.5 -0.5 
-0.5 nan -0.5 -0.5 -0.5 -0.5 -0.5 -0.5 nan -0.5 -0.5 -0.5 -0.5 -0.5 
-0.5 -0.5 nan -0.5 -0.5 -0.5 -0.5 -0.5 -0.5 nan -0.5 -0.5 -0.5 -0.5 
-0.5 -0.5 -0.5 nan -0.5 -0.5 -0.5 -0.5 -0.5 -0.5 -0.5 -0.5 -0.5 -0.5 
-0.5 -0.5 -0.5 -0.5 nan -0.5 -0.5 -0.5 -0.5 -0.5 -0.5 -0.5 -0.5 -0.5 
-0.5 -0.5 -0.5 -0.5 -0.5 nan -0.5 -0.5 -0.5 -0.5 -0.5 -0.5 -0.5 -0.5 
-0.5 -0.5 -0.5 -0.5 -0.5 -0.5 nan -0.5 -0.5 -0.5 -0.5 -0.5 -0.5 -0.5 
-0.5 -0.5 -0.5 -0.5 -0.5 -0.5 -0.5 nan -0.5 -0.5 -0.5 -0.5 -0.5 -0.5 
-0.5 -0.5 -0.5 -0.5 -0.5 -0.5 -0.5 -0.5 nan -0.5 -0.5 -0.5 -0.5 -0.5 
Round33
-100.0 -0.5 -0.5 nan -0.5 -0.5 -0.5 -0.5 -0.5 -0.5 -0.5 -0.5 -0.5 100.0 
-0.5 -0.5 -0.5 nan -0.5 -0.5 -0.5 -0.5 -0.5 -0.5 -0.5 -0.5 -0.5 -0.5 
-0.5 -0.5 -0.5 nan -0.5 -0.5 -0.5 nan -0.5 -0.5 -0.5 -0.5 -0.5 -0.5 
-0.5 nan -0.5 nan -0.5 -0.5 -0.5 -0.5 nan -0.5 -0.5 -0.5 -0.5 -0.5 
-0.5 nan -0.5 nan -0.5 -0.5 -0.5 -0.5 -0.5 nan -0.5 -0.5 -0.5 -0.5 
-0.5 nan -0.5 nan -0.5 -0.5 -0.5 -0.5 -0.5 -0.5 nan -0.5 -0.5 -0.5 
-0.5 nan -0.5 -0.5 nan -0.5 -0.5 -0.5 -0.5 -0.5 -0.5 nan -0.5 -0.5 
-0.5 nan -0.5 -0.5 -0.5 nan -0.5 -0.5 -0.5 -0.5 -0.5 -0.5 nan -0.5 
-0.5 nan -0.5 -0.5 -0.5 -0.5 nan -0.5 -0.5 -0.5 -0.5 -0.5 -0.5 nan 
-0.5 nan -0.5 -0.5 -0.5 -0.5 -0.5 nan -0.5 -0.5 -0.5 -0.5 -0.5 -0.5 
-0.5 nan -0.5 -0.5 -0.5 -0.5 -0.5 -0.5 nan -0.5 -0.5 -0.5 -0.5 -0.5 
-0.5 -0.5 nan -0.5 -0.5 -0.5 -0.5 -0.5 -0.5 nan -0.5 -0.5 -0.5 -0.5 
-0.5 -0.5 -0.5 nan -0.5 -0.5 -0.5 -0.5 -0.5 -0.5 -0.5 -0.5 -0.5 -0.5 
-0.5 -0.5 -0.5 -0.5 nan -0.5 -0.5 -0.5 -0.5 -0.5 -0.5 -0.5 -0.5 -0.5 
-0.5 -0.5 -0.5 -0.5 -0.5 nan -0.5 -0.5 -0.5 -0.5 -0.5 -0.5 -0.5 -0.5 
-0.5 -0.5 -0.5 -0.5 -0.5 -0.5 nan -0.5 -0.5 -0.5 -0.5 -0.5 -0.5 -0.5 
-0.5 -0.5 -0.5 -0.5 -0.5 -0.5 -0.5 nan -0.5 -0.5 -0.5 -0.5 -0.5 -0.5 
-0.5 -0.5 -0.5 -0.5 -0.5 -0.5 -0.5 -0.5 nan -0.5 -0.5 -0.5 -0.5 -0.5 
