Round1
0.0 -0.676 -0.096 nan 0.297 -0.22 0.395 0.031 -0.422 0.535 -0.898 0.546 90.0 0.0 
-0.676 0.123 -0.34 nan 0.382 -0.648 0.031 -0.422 0.535 0.44 0.546 1.47 0.873 90.0 
0.123 -0.34 0.346 nan -0.738 -1.114 -0.422 nan 0.44 -0.054 -0.499 0.873 0.335 80.55 
-1.33 nan -1.16 nan 1.752 -0.435 0.191 -0.479 nan -0.499 -0.042 0.335 -0.148 72.045 
-1.647 nan -1.494 nan 0.285 -0.193 -0.624 -0.881 0.719 nan -0.37 -0.148 -0.583 1.018 
-0.375 nan -0.68 nan -0.193 -0.624 -1.012 0.719 0.532 0.978 nan -0.583 1.018 0.466 
0.246 nan -1.062 0.895 nan -1.012 -0.314 0.532 0.978 0.564 0.058 nan -0.918 -0.031 
-0.229 nan 0.895 -0.23 -0.657 nan -0.733 -1.109 1.35 0.058 -0.398 0.419 nan -0.478 
-0.656 nan -0.207 -0.657 0.182 0.628 nan 1.35 0.829 0.296 -0.183 0.777 0.25 nan 
-0.234 nan 0.552 0.545 0.628 0.26 -0.216 nan 0.296 -0.183 0.777 0.25 -0.225 0.751 
-0.66 nan 0.545 0.041 -0.413 -0.216 -0.644 -1.03 nan -0.775 -1.399 -0.225 0.751 0.226 
-1.044 0.131 nan -0.413 0.857 0.321 0.634 0.12 -0.536 nan 0.593 0.028 0.226 0.943 
0.131 1.056 0.16 nan 0.321 -0.161 -0.088 -0.529 0.396 0.673 -0.115 -0.554 0.943 0.399 
1.056 0.16 -0.306 -0.726 nan -0.088 -0.529 0.396 0.673 0.156 -0.31 -0.948 -1.304 -0.091 
0.684 -0.306 -0.726 0.88 -0.157 nan -0.926 0.733 0.156 -0.31 -0.729 -1.304 -1.623 0.261 
-0.194 -0.625 0.88 -0.157 -0.591 -0.982 nan 0.21 0.985 -0.065 1.233 -1.623 0.261 -0.215 
-0.625 0.102 -0.358 -0.591 -0.982 -1.334 -1.65 nan -0.065 1.233 0.659 0.143 -0.164 -0.644 
0.102 -0.358 -0.772 -0.982 -1.334 -1.65 -0.396 -0.806 nan 0.659 0.143 -0.164 -0.597 -0.988 
Round2
0.0 -0.34 -0.756 nan -0.107 -0.095 -0.422 -0.83 0.031 -0.054 0.042 80.55 90.0 0.0 
-0.34 -0.756 -0.139 nan -0.546 -0.941 -0.83 0.031 -0.054 0.042 0.873 0.335 80.55 90.0 
-0.756 -0.139 -0.575 nan 1.127 -0.83 -0.278 nan -0.499 -0.413 0.335 -0.148 72.045 80.55 
-1.13 nan -0.968 nan -0.193 -0.624 -0.7 -1.08 nan -0.488 -0.148 -0.583 64.39 72.045 
-0.788 nan -1.062 nan -0.624 -1.012 -1.08 0.197 0.029 nan -0.583 -0.975 0.466 64.39 
-0.229 nan -1.406 nan -1.012 -1.36 0.197 0.029 0.43 0.058 nan 0.466 -0.031 57.501 
-0.656 nan 0.356 -0.657 nan -0.733 0.029 0.43 0.765 -0.398 -0.808 nan -0.478 51.301 
-1.04 nan -0.636 -1.042 -0.286 nan -0.424 0.765 0.238 -0.236 -0.073 0.25 nan 45.721 
-1.386 nan -1.022 0.041 0.115 -0.216 nan 0.296 -0.236 -0.662 0.25 -0.225 -0.653 nan 
-1.698 nan 0.041 0.115 -0.346 -0.644 -1.03 nan -0.662 0.25 -0.225 -0.653 0.226 -0.247 
-1.978 nan -0.413 -0.346 0.321 -0.161 0.12 -0.342 nan -0.225 -0.653 0.226 -0.247 0.399 
-0.332 0.5 nan 0.321 -0.161 -0.595 -0.985 -1.337 -0.094 nan -0.425 -0.833 0.399 -0.091 
0.5 -0.306 -0.726 nan -0.595 -0.985 -1.337 -0.094 0.156 -0.31 -0.729 0.399 -0.091 -0.532 
0.166 -0.726 -1.103 0.342 nan -1.337 -0.094 0.21 -0.31 -0.729 -1.106 -1.445 -0.532 -0.929 
-0.301 -0.721 0.342 -0.591 -0.982 nan 0.21 -0.261 0.436 -1.106 0.659 0.143 -0.215 -1.286 
-0.721 0.342 -0.591 -0.982 -1.334 -1.65 nan 0.436 -0.057 0.659 0.143 -0.321 -0.597 -1.607 
-0.358 -0.772 -0.982 -1.334 -1.65 -1.935 -0.806 nan 0.659 0.143 -0.321 -0.739 -0.988 -1.339 
-0.772 -1.145 -1.334 -1.65 -1.935 -0.806 -1.175 -1.508 nan -0.321 -0.739 -1.115 -1.339 -1.655 
Round3
0.0 -1.13 -0.575 nan -0.535 -0.932 -1.288 -0.422 -0.499 -0.413 72.045 80.55 90.0 0.0 
-1.13 -0.575 -0.968 nan 0.564 -1.288 -0.422 -0.499 -0.413 0.335 -0.148 72.045 80.55 90.0 
-0.575 -0.968 -1.321 nan -0.624 -1.012 -1.08 nan -0.821 -0.148 -0.583 64.39 72.045 80.55 
-0.968 nan -1.639 nan -1.012 -1.36 -1.422 -0.273 nan -0.583 -0.975 57.501 64.39 72.045 
-0.656 nan -1.925 nan -1.36 -1.674 -0.273 -0.424 -0.063 nan -1.328 -0.031 57.501 64.39 
-1.04 nan -0.13 nan -1.674 -0.273 -0.424 -0.063 0.238 -0.236 nan -0.478 51.301 57.501 
-1.386 nan -1.022 -1.37 nan -0.424 -0.063 0.238 -0.236 -0.662 -0.516 nan 45.721 51.301 
-1.698 nan -1.37 -0.413 -0.346 nan 0.238 -0.236 -0.662 -1.046 -0.225 -0.653 nan 45.721 
-1.978 nan -0.413 -0.346 -0.762 -1.135 nan -0.662 -1.046 -0.225 -0.653 -1.037 -0.247 nan 
-2.23 nan -0.346 -0.762 -0.161 -0.595 -0.342 nan -0.225 -0.653 -1.037 -0.247 -0.672 -0.091 
-0.749 nan -0.762 -0.161 -0.595 -0.985 -1.337 -1.653 nan -1.037 -0.247 -0.672 -0.091 -0.532 
0.0 -0.726 nan -0.595 -0.985 -1.337 -1.653 -0.534 -0.31 nan -0.672 -0.091 -0.532 -0.929 
-0.301 -1.103 -1.443 nan -1.337 -1.653 -0.534 -0.261 -0.729 -1.106 -0.091 -0.532 -0.929 -1.286 
-0.721 -1.099 -0.142 -0.982 nan -0.534 -0.261 -0.685 -0.057 -1.445 0.143 -0.929 -1.286 -1.607 
-1.099 -0.142 -0.982 -1.334 -1.65 nan -0.685 -0.057 -0.502 0.143 -0.321 -0.739 -1.115 -1.453 
-0.142 -0.982 -1.334 -1.65 -1.935 -2.192 nan -0.502 0.143 -0.321 -0.739 -1.115 -1.453 -1.758 
-0.578 -1.334 -1.65 -1.935 -2.192 -1.175 -1.508 nan -0.321 -0.739 -1.115 -1.453 -1.758 -2.032 
-0.97 -1.65 -1.935 -2.192 -1.175 -1.508 -1.807 -2.076 nan -1.115 -1.453 -1.758 -2.032 -2.279 
Round4
0.0 -0.968 -1.321 nan 0.058 -0.398 -0.83 -0.899 -0.821 64.39 72.045 80.55 90.0 0.0 
-0.968 -1.321 -1.639 nan -0.398 -0.808 -0.899 -0.821 -0.148 -0.583 64.39 72.045 80.55 90.0 
-1.321 -1.639 -1.925 nan -0.808 -1.178 -1.259 nan -0.583 -0.975 57.501 64.39 72.045 80.55 
-1.639 nan -2.182 nan -1.178 -1.51 -0.696 -0.831 nan -1.328 51.301 57.501 64.39 72.045 
-1.925 nan -0.567 nan -1.51 -0.696 -0.831 -0.507 -0.236 nan -0.478 51.301 57.501 64.39 
-2.182 nan -1.37 nan -0.696 -0.831 -0.507 -0.236 -0.662 -1.046 nan 45.721 51.301 57.501 
-2.414 nan -1.683 -0.822 nan -0.507 -0.236 -0.662 -1.046 -1.391 -0.653 nan 45.721 51.301 
-2.623 nan -0.822 -0.762 -1.135 nan -0.662 -1.046 -1.391 -0.653 -1.037 -1.384 nan 45.721 
-2.81 nan -0.762 -1.135 -0.595 -0.985 nan -1.391 -0.653 -1.037 -1.384 -0.672 -1.055 nan 
-1.124 nan -1.135 -0.595 -0.985 -1.337 -1.653 nan -1.037 -1.384 -0.672 -1.055 -0.532 -0.929 
-0.45 nan -0.595 -0.985 -1.337 -1.653 -1.938 -0.931 nan -0.672 -1.055 -0.532 -0.929 -1.286 
-0.721 -1.099 nan -1.337 -1.653 -1.938 -0.931 -0.685 -1.066 nan -0.532 -0.929 -1.286 -1.607 
-1.099 -1.439 -0.578 nan -1.938 -0.931 -0.685 -1.066 -0.502 -0.532 -0.321 -1.286 -1.607 -1.896 
-1.439 -0.578 -1.334 -1.65 nan -0.685 -1.066 -0.502 -0.902 -0.321 -0.739 -1.115 -1.896 -2.157 
-0.578 -1.334 -1.65 -1.935 -2.192 nan -0.502 -0.902 -0.321 -0.739 -1.115 -1.453 -1.758 -2.032 
-0.97 -1.65 -1.935 -2.192 -2.423 -1.508 nan -0.321 -0.739 -1.115 -1.453 -1.758 -2.032 -2.279 
-1.323 -1.641 -2.192 -2.423 -1.508 -1.807 -2.076 nan -1.115 -1.453 -1.758 -2.032 -2.279 -2.501 
-1.641 -1.927 -2.423 -1.508 -1.807 -2.076 -2.319 -2.537 nan -1.758 -2.032 -2.279 -2.501 -2.701 
Round5
0.0 -1.639 -1.925 nan -0.808 -1.178 -1.51 -1.189 57.501 64.39 72.045 80.55 90.0 0.0 
-1.639 -1.925 -2.182 nan -1.178 -1.51 -1.809 -0.583 -0.975 57.501 64.39 72.045 80.55 90.0 
-1.925 -2.182 -2.414 nan -1.51 -1.809 -1.076 nan -1.328 51.301 57.501 64.39 72.045 80.55 
-2.182 nan -0.96 nan -1.809 -1.076 -1.198 -0.906 nan 45.721 51.301 57.501 64.39 72.045 
-2.414 nan -1.683 nan -1.076 -1.198 -0.906 -0.662 -1.046 nan 45.721 51.301 57.501 64.39 
-2.623 nan -1.965 nan -1.198 -0.906 -0.662 -1.046 -1.391 -1.702 nan 45.721 51.301 57.501 
-2.81 nan -1.19 -1.135 nan -0.662 -1.046 -1.391 -1.702 -1.037 -1.384 nan 45.721 51.301 
-2.979 nan -1.135 -1.472 -0.985 nan -1.391 -1.702 -1.037 -1.384 -1.695 -1.055 nan 45.721 
-1.462 nan -1.472 -0.985 -1.337 -1.653 nan -1.037 -1.384 -1.695 -1.055 -1.399 -0.929 nan 
-0.855 nan -0.985 -1.337 -1.653 -1.938 -2.194 nan -1.695 -1.055 -1.399 -0.929 -1.286 -1.607 
-1.099 nan -1.337 -1.653 -1.938 -2.194 -1.288 -1.066 nan -1.399 -0.929 -1.286 -1.607 -1.896 
-1.439 -1.745 nan -1.938 -2.194 -1.288 -1.066 -1.41 -0.902 nan -0.739 -1.607 -1.896 -2.157 
-1.745 -0.97 -1.65 nan -1.288 -1.066 -1.41 -0.902 -0.929 -0.739 -1.115 -1.453 -2.157 -2.391 
-0.97 -1.65 -1.935 -2.192 nan -1.41 -0.902 -1.261 -0.739 -1.115 -1.453 -1.758 -2.032 -2.602 
-1.323 -1.935 -2.192 -2.423 -2.63 nan -1.261 -0.739 -1.115 -1.453 -1.758 -2.032 -2.279 -2.501 
-1.641 -1.927 -2.423 -2.63 -1.807 -2.076 nan -1.115 -1.453 -1.758 -2.032 -2.279 -2.501 -2.701 
-1.927 -2.184 -2.416 -1.807 -2.076 -2.319 -2.537 nan -1.758 -2.032 -2.279 -2.501 -2.701 -2.881 
-2.184 -2.416 -1.807 -2.076 -2.319 -2.537 -2.733 -2.91 nan -2.279 -2.501 -2.701 -2.881 -3.043 
Round6
0.0 -2.182 -2.414 nan -1.51 -1.809 -2.078 51.301 57.501 64.39 72.045 80.55 90.0 0.0 
-2.182 -2.414 -2.623 nan -1.809 -2.078 -0.975 -1.328 51.301 57.501 64.39 72.045 80.55 90.0 
-2.414 -2.623 -1.314 nan -2.078 -1.418 -1.528 nan 45.721 51.301 57.501 64.39 72.045 80.55 
-2.623 nan -1.965 nan -1.418 -1.528 -1.265 -1.046 nan 45.721 51.301 57.501 64.39 72.045 
-2.81 nan -2.218 nan -1.528 -1.265 -1.046 -1.391 -1.702 nan 45.721 51.301 57.501 64.39 
-2.979 nan -1.521 nan -1.265 -1.046 -1.391 -1.702 -1.982 -1.384 nan 45.721 51.301 57.501 
-3.131 nan -1.472 -1.775 nan -1.391 -1.702 -1.982 -1.384 -1.695 -1.976 nan 45.721 51.301 
-1.765 nan -1.775 -1.337 -1.653 nan -1.982 -1.384 -1.695 -1.976 -1.399 -1.71 nan 45.721 
-1.219 nan -1.337 -1.653 -1.938 -2.194 nan -1.695 -1.976 -1.399 -1.71 -1.286 -1.607 nan 
-1.439 nan -1.653 -1.938 -2.194 -2.425 -1.609 nan -1.399 -1.71 -1.286 -1.607 -1.896 -2.157 
-1.745 nan -1.938 -2.194 -2.425 -1.609 -1.41 -1.719 nan -1.286 -1.115 -1.896 -2.157 -2.391 
-2.02 -1.323 nan -2.425 -1.609 -1.41 -1.719 -1.261 -1.286 nan -1.453 -1.758 -2.391 -2.602 
-1.323 -1.935 -2.192 nan -1.41 -1.719 -1.261 -1.286 -1.115 -1.453 -1.758 -2.032 -2.279 -2.792 
-1.641 -2.192 -2.423 -2.63 nan -1.261 -1.585 -1.115 -1.453 -1.758 -2.032 -2.279 -2.501 -2.701 
-1.927 -2.184 -2.63 -2.817 -2.076 nan -1.115 -1.453 -1.758 -2.032 -2.279 -2.501 -2.701 -2.881 
-2.184 -2.416 -2.624 -2.076 -2.319 -2.537 nan -1.758 -2.032 -2.279 -2.501 -2.701 -2.881 -3.043 
-2.416 -2.624 -2.076 -2.319 -2.537 -2.733 -2.91 nan -2.279 -2.501 -2.701 -2.881 -3.043 -3.189 
-2.624 -2.076 -2.319 -2.537 -2.733 -2.91 -3.069 -3.212 nan -2.701 -2.881 -3.043 -3.189 -3.32 
Round7
0.0 -2.623 -2.81 nan -2.078 -2.32 45.721 51.301 57.501 64.39 72.045 80.55 90.0 0.0 
-2.623 -2.81 -1.633 nan -2.32 -1.328 -1.645 45.721 51.301 57.501 64.39 72.045 80.55 90.0 
-2.81 -1.633 -2.218 nan -1.727 -1.826 -1.93 nan 45.721 51.301 57.501 64.39 72.045 80.55 
-2.979 nan -2.447 nan -1.826 -1.589 -1.391 -1.702 nan 45.721 51.301 57.501 64.39 72.045 
-3.131 nan -1.819 nan -1.589 -1.391 -1.702 -1.982 -2.234 nan 45.721 51.301 57.501 64.39 
-3.268 nan -1.775 nan -1.391 -1.702 -1.982 -2.234 -1.695 -1.976 nan 45.721 51.301 57.501 
-2.039 nan -2.047 -1.653 nan -1.982 -2.234 -1.695 -1.976 -2.228 -1.71 nan 45.721 51.301 
-1.547 nan -1.653 -1.938 -2.194 nan -1.695 -1.976 -2.228 -1.71 -1.989 -1.607 nan 45.721 
-1.745 nan -1.938 -2.194 -2.425 -2.632 nan -2.228 -1.71 -1.989 -1.607 -1.896 -2.157 nan 
-2.02 nan -2.194 -2.425 -2.632 -1.898 -1.719 nan -1.989 -1.607 -1.453 -2.157 -2.391 -2.602 
-2.268 nan -2.425 -2.632 -1.898 -1.719 -1.997 -1.585 nan -1.453 -1.758 -2.032 -2.602 -2.792 
-1.641 -2.192 nan -1.898 -1.719 -1.997 -1.585 -1.607 -1.453 nan -2.032 -2.279 -2.501 -2.963 
-1.927 -2.423 -2.63 nan -1.997 -1.585 -1.607 -1.453 -1.758 -2.032 -2.279 -2.501 -2.701 -2.881 
-2.184 -2.416 -2.817 -2.986 nan -1.877 -1.453 -1.758 -2.032 -2.279 -2.501 -2.701 -2.881 -3.043 
-2.416 -2.624 -2.812 -2.319 -2.537 nan -1.758 -2.032 -2.279 -2.501 -2.701 -2.881 -3.043 -3.189 
-2.624 -2.812 -2.319 -2.537 -2.733 -2.91 nan -2.279 -2.501 -2.701 -2.881 -3.043 -3.189 -3.32 
-2.812 -2.319 -2.537 -2.733 -2.91 -3.069 -3.212 nan -2.701 -2.881 -3.043 -3.189 -3.32 -3.438 
-2.319 -2.537 -2.733 -2.91 -3.069 -3.212 -3.341 -3.457 nan -3.043 -3.189 -3.32 -3.438 -3.544 
Round8
0.0 -2.979 -1.919 nan -2.538 40.699 45.721 51.301 57.501 64.39 72.045 80.55 90.0 0.0 
-2.979 -1.919 -2.447 nan -1.645 -1.93 40.699 45.721 51.301 57.501 64.39 72.045 80.55 90.0 
-1.919 -2.447 -2.652 nan -2.093 -2.187 -1.702 nan 45.721 51.301 57.501 64.39 72.045 80.55 
-2.177 nan -2.087 nan -1.88 -1.702 -1.982 -2.234 nan 45.721 51.301 57.501 64.39 72.045 
-2.41 nan -2.047 nan -1.702 -1.982 -2.234 -2.46 -1.976 nan 45.721 51.301 57.501 64.39 
-2.285 nan -2.293 nan -1.982 -2.234 -2.46 -1.976 -2.228 -2.455 nan 45.721 51.301 57.501 
-1.843 nan -1.938 -2.194 nan -2.46 -1.976 -2.228 -2.455 -1.989 -2.24 nan 45.721 51.301 
-2.02 nan -2.194 -2.425 -2.632 nan -2.228 -2.455 -1.989 -2.24 -1.896 -2.157 nan 45.721 
-2.268 nan -2.425 -2.632 -2.819 -2.158 nan -1.989 -2.24 -1.896 -1.758 -2.391 -2.602 nan 
-2.491 nan -2.632 -2.819 -2.158 -1.997 -2.247 nan -1.896 -1.758 -2.032 -2.279 -2.792 -2.963 
-1.927 nan -2.819 -2.158 -1.997 -2.247 -1.877 -1.896 nan -2.032 -2.279 -2.501 -2.701 -3.116 
-2.184 -2.416 nan -1.997 -2.247 -1.877 -1.896 -1.758 -2.032 nan -2.501 -2.701 -2.881 -3.043 
-2.416 -2.624 -2.812 nan -1.877 -1.896 -1.758 -2.032 -2.279 -2.501 -2.701 -2.881 -3.043 -3.189 
-2.624 -2.812 -2.98 -2.537 nan -1.758 -2.032 -2.279 -2.501 -2.701 -2.881 -3.043 -3.189 -3.32 
-2.812 -2.98 -2.537 -2.733 -2.91 nan -2.279 -2.501 -2.701 -2.881 -3.043 -3.189 -3.32 -3.438 
-2.98 -2.537 -2.733 -2.91 -3.069 -3.212 nan -2.701 -2.881 -3.043 -3.189 -3.32 -3.438 -3.544 
-2.537 -2.733 -2.91 -3.069 -3.212 -3.341 -3.457 nan -3.043 -3.189 -3.32 -3.438 -3.544 -3.64 
-2.733 -2.91 -3.069 -3.212 -3.341 -3.457 -3.561 -3.655 nan -3.32 -3.438 -3.544 -3.64 -3.726 
Round9
0.0 -2.177 -2.652 nan 36.179 40.699 45.721 51.301 57.501 64.39 72.045 80.55 90.0 0.0 
-2.177 -2.652 -2.837 nan -2.187 36.179 40.699 45.721 51.301 57.501 64.39 72.045 80.55 90.0 
-2.41 -2.837 -2.328 nan -2.419 -1.982 36.179 nan 45.721 51.301 57.501 64.39 72.045 80.55 
-2.619 nan -2.293 nan -1.982 -2.234 32.111 28.45 nan 45.721 51.301 57.501 64.39 72.045 
-2.807 nan -2.513 nan -2.234 -2.46 28.45 -2.228 -2.455 nan 45.721 51.301 57.501 64.39 
-2.108 nan -2.194 nan -2.46 -2.664 -2.228 -2.455 -2.66 -2.24 nan 45.721 51.301 57.501 
-2.268 nan -2.425 -2.632 nan -2.228 -2.455 -2.66 -2.24 -2.466 -2.157 nan 45.721 51.301 
-2.491 nan -2.632 -2.819 -2.987 nan -2.66 -2.24 -2.466 -2.157 -2.032 -2.279 nan 45.721 
-2.692 nan -2.819 -2.987 -2.393 -2.247 nan -2.466 -2.157 -2.032 -2.279 -2.501 -2.701 nan 
-2.184 nan -2.987 -2.393 -2.247 -2.473 -2.139 nan -2.032 -2.279 -2.501 -2.701 -2.881 -3.043 
-2.416 nan -2.393 -2.247 -2.473 -2.139 -2.157 -2.032 nan -2.501 -2.701 -2.881 -3.043 -3.189 
-2.624 -2.812 nan -2.473 -2.139 -2.157 -2.032 -2.279 -2.501 nan -2.881 -3.043 -3.189 -3.32 
-2.812 -2.98 -3.132 nan -2.157 -2.032 -2.279 -2.501 -2.701 -2.881 -3.043 -3.189 -3.32 -3.438 
-2.98 -3.132 -2.733 -2.91 nan -2.279 -2.501 -2.701 -2.881 -3.043 -3.189 -3.32 -3.438 -3.544 
-3.132 -2.733 -2.91 -3.069 -3.212 nan -2.701 -2.881 -3.043 -3.189 -3.32 -3.438 -3.544 -3.64 
-2.733 -2.91 -3.069 -3.212 -3.341 -3.457 nan -3.043 -3.189 -3.32 -3.438 -3.544 -3.64 -3.726 
-2.91 -3.069 -3.212 -3.341 -3.457 -3.561 -3.655 nan -3.32 -3.438 -3.544 -3.64 -3.726 -3.803 
-3.069 -3.212 -3.341 -3.457 -3.561 -3.655 -3.739 -3.815 nan -3.544 -3.64 -3.726 -3.803 -3.873 
Round10
0.0 -2.837 -3.003 nan 36.179 40.699 45.721 51.301 57.501 64.39 72.045 80.55 90.0 0.0 
-2.619 -3.003 -2.545 nan 32.111 36.179 40.699 45.721 51.301 57.501 64.39 72.045 80.55 90.0 
-2.807 -2.545 -2.513 nan -2.234 32.111 36.179 nan 45.721 51.301 57.501 64.39 72.045 80.55 
-2.976 nan -2.712 nan -2.46 28.45 32.111 28.45 nan 45.721 51.301 57.501 64.39 72.045 
-2.348 nan -2.425 nan -2.664 25.155 28.45 25.155 22.19 nan 45.721 51.301 57.501 64.39 
-2.491 nan -2.632 nan -2.848 -2.455 25.155 22.19 -2.466 -2.669 nan 45.721 51.301 57.501 
-2.692 nan -2.819 -2.987 nan -2.66 22.19 -2.466 -2.669 -2.391 -2.279 nan 45.721 51.301 
-2.873 nan -2.987 -3.138 -2.603 nan -2.466 -2.669 -2.391 -2.279 -2.501 -2.701 nan 45.721 
-2.416 nan -3.138 -2.603 -2.473 -2.675 nan -2.391 -2.279 -2.501 -2.701 -2.881 -3.043 nan 
-2.624 nan -2.603 -2.473 -2.675 -2.375 -2.391 nan -2.501 -2.701 -2.881 -3.043 -3.189 -3.32 
-2.812 nan -2.473 -2.675 -2.375 -2.391 -2.279 -2.501 nan -2.881 -3.043 -3.189 -3.32 -3.438 
-2.98 -3.132 nan -2.375 -2.391 -2.279 -2.501 -2.701 -2.881 nan -3.189 -3.32 -3.438 -3.544 
-3.132 -3.269 -2.91 nan -2.279 -2.501 -2.701 -2.881 -3.043 -3.189 -3.32 -3.438 -3.544 -3.64 
-3.269 -2.91 -3.069 -3.212 nan -2.701 -2.881 -3.043 -3.189 -3.32 -3.438 -3.544 -3.64 -3.726 
-2.91 -3.069 -3.212 -3.341 -3.457 nan -3.043 -3.189 -3.32 -3.438 -3.544 -3.64 -3.726 -3.803 
-3.069 -3.212 -3.341 -3.457 -3.561 -3.655 nan -3.32 -3.438 -3.544 -3.64 -3.726 -3.803 -3.873 
-3.212 -3.341 -3.457 -3.561 -3.655 -3.739 -3.815 nan -3.544 -3.64 -3.726 -3.803 -3.873 -3.935 
-3.341 -3.457 -3.561 -3.655 -3.739 -3.815 -3.884 -3.946 nan -3.726 -3.803 -3.873 -3.935 -3.992 
Round11
0.0 -3.153 -2.741 nan 36.179 40.699 45.721 51.301 57.501 64.39 72.045 80.55 90.0 0.0 
-2.976 -2.741 -2.712 nan 32.111 36.179 40.699 45.721 51.301 57.501 64.39 72.045 80.55 90.0 
-2.741 -2.712 -2.891 nan 28.45 32.111 36.179 nan 45.721 51.301 57.501 64.39 72.045 80.55 
-2.563 nan -2.632 nan 25.155 28.45 32.111 28.45 nan 45.721 51.301 57.501 64.39 72.045 
-2.692 nan -2.819 nan 22.19 25.155 28.45 25.155 22.19 nan 45.721 51.301 57.501 64.39 
-2.873 nan -2.987 nan -2.66 22.19 25.155 22.19 19.521 -2.602 nan 45.721 51.301 57.501 
-3.036 nan -3.138 -3.274 nan 19.521 22.19 19.521 -2.602 -2.501 -2.701 nan 45.721 51.301 
-2.624 nan -3.274 -2.793 -2.675 nan 19.521 -2.602 -2.501 -2.701 -2.881 -3.043 nan 45.721 
-2.812 nan -2.793 -2.675 -2.858 -2.588 nan -2.501 -2.701 -2.881 -3.043 -3.189 -3.32 nan 
-2.98 nan -2.675 -2.858 -2.588 -2.602 -2.501 nan -2.881 -3.043 -3.189 -3.32 -3.438 -3.544 
-3.132 nan -2.858 -2.588 -2.602 -2.501 -2.701 -2.881 nan -3.189 -3.32 -3.438 -3.544 -3.64 
-3.269 -3.392 nan -2.602 -2.501 -2.701 -2.881 -3.043 -3.189 nan -3.438 -3.544 -3.64 -3.726 
-3.392 -3.069 -3.212 nan -2.701 -2.881 -3.043 -3.189 -3.32 -3.438 -3.544 -3.64 -3.726 -3.803 
-3.069 -3.212 -3.341 -3.457 nan -3.043 -3.189 -3.32 -3.438 -3.544 -3.64 -3.726 -3.803 -3.873 
-3.212 -3.341 -3.457 -3.561 -3.655 nan -3.32 -3.438 -3.544 -3.64 -3.726 -3.803 -3.873 -3.935 
-3.341 -3.457 -3.561 -3.655 -3.739 -3.815 nan -3.544 -3.64 -3.726 -3.803 -3.873 -3.935 -3.992 
-3.457 -3.561 -3.655 -3.739 -3.815 -3.884 -3.946 nan -3.726 -3.803 -3.873 -3.935 -3.992 -4.043 
-3.561 -3.655 -3.739 -3.815 -3.884 -3.946 -4.001 -4.051 nan -3.873 -3.935 -3.992 -4.043 -4.088 
Round12
0.0 -2.917 -2.891 nan 36.179 40.699 45.721 51.301 57.501 64.39 72.045 80.55 90.0 0.0 
-2.917 -2.891 -3.052 nan 32.111 36.179 40.699 45.721 51.301 57.501 64.39 72.045 80.55 90.0 
-2.757 -3.052 -2.819 nan 28.45 32.111 36.179 nan 45.721 51.301 57.501 64.39 72.045 80.55 
-2.873 nan -2.987 nan 25.155 28.45 32.111 28.45 nan 45.721 51.301 57.501 64.39 72.045 
-3.036 nan -3.138 nan 22.19 25.155 28.45 25.155 22.19 nan 45.721 51.301 57.501 64.39 
-3.182 nan -3.274 nan 19.521 22.19 25.155 22.19 19.521 17.119 nan 45.721 51.301 57.501 
-2.812 nan -3.397 -2.964 nan 19.521 22.19 19.521 17.119 14.957 13.011 nan 45.721 51.301 
-2.98 nan -2.964 -2.858 -3.022 nan 19.521 17.119 14.957 13.011 11.26 9.684 nan 45.721 
-3.132 nan -2.858 -3.022 -2.779 -2.792 nan 14.957 13.011 11.26 9.684 8.266 6.989 nan 
-3.269 nan -3.022 -2.779 -2.792 -2.701 -2.881 nan 11.26 9.684 8.266 6.989 5.84 4.806 
-3.392 nan -2.779 -2.792 -2.701 -2.881 -3.043 -3.189 nan 8.266 6.989 5.84 4.806 3.875 
-3.503 -3.212 nan -2.701 -2.881 -3.043 -3.189 -3.32 -3.438 nan 5.84 4.806 3.875 3.038 
-3.212 -3.341 -3.457 nan -3.043 -3.189 -3.32 -3.438 -3.544 -3.64 4.806 3.875 3.038 2.284 
-3.341 -3.457 -3.561 -3.655 nan -3.32 -3.438 -3.544 -3.64 -3.726 3.875 3.038 2.284 1.606 
-3.457 -3.561 -3.655 -3.739 -3.815 nan -3.544 -3.64 -3.726 -3.803 3.038 2.284 1.606 0.995 
-3.561 -3.655 -3.739 -3.815 -3.884 -3.946 nan -3.726 -3.803 -3.873 2.284 1.606 0.995 0.446 
-3.655 -3.739 -3.815 -3.884 -3.946 -4.001 -4.051 nan -3.873 -3.935 1.606 0.995 0.446 -0.049 
-3.739 -3.815 -3.884 -3.946 -4.001 -4.051 -4.096 -4.136 nan -3.992 0.995 0.446 -0.049 -0.494 
Round13
0.0 -3.052 -3.197 nan 36.179 40.699 45.721 51.301 57.501 64.39 72.045 80.55 90.0 0.0 
-2.931 -3.197 -2.987 nan 32.111 36.179 40.699 45.721 51.301 57.501 64.39 72.045 80.55 90.0 
-3.036 -3.182 -3.138 nan 28.45 32.111 36.179 nan 45.721 51.301 57.501 64.39 72.045 80.55 
-3.182 nan -3.274 nan 25.155 28.45 32.111 28.45 nan 45.721 51.301 57.501 64.39 72.045 
-3.314 nan -3.397 nan 22.19 25.155 28.45 25.155 22.19 nan 45.721 51.301 57.501 64.39 
-2.98 nan -3.507 nan 19.521 22.19 25.155 22.19 19.521 17.119 nan 45.721 51.301 57.501 
-3.132 nan -3.117 -3.022 nan 19.521 22.19 19.521 17.119 14.957 13.011 nan 45.721 51.301 
-3.269 nan -3.022 -3.17 -2.951 nan 19.521 17.119 14.957 13.011 11.26 9.684 nan 45.721 
-3.392 nan -3.17 -2.951 -2.963 -2.881 nan 14.957 13.011 11.26 9.684 8.266 6.989 nan 
-3.503 nan -2.951 -2.963 -2.881 -3.043 -3.189 nan 11.26 9.684 8.266 6.989 5.84 4.806 
-3.603 nan -2.963 -2.881 -3.043 -3.189 -3.32 -3.438 nan 8.266 6.989 5.84 4.806 3.875 
-3.341 -3.457 nan -3.043 -3.189 -3.32 -3.438 -3.544 -3.64 nan 5.84 4.806 3.875 3.038 
-3.457 -3.561 -3.655 nan -3.32 -3.438 -3.544 -3.64 -3.726 3.875 4.806 3.875 3.038 2.284 
-3.561 -3.655 -3.739 -3.815 nan -3.544 -3.64 -3.726 -3.803 3.038 3.875 3.038 2.284 1.606 
-3.655 -3.739 -3.815 -3.884 -3.946 nan -3.726 -3.803 -3.873 2.284 3.038 2.284 1.606 0.995 
-3.739 -3.815 -3.884 -3.946 -4.001 -4.051 nan -3.873 -3.935 1.606 2.284 1.606 0.995 0.446 
-3.815 -3.884 -3.946 -4.001 -4.051 -4.096 -4.136 nan -3.992 0.995 1.606 0.995 0.446 -0.049 
-3.884 -3.946 -4.001 -4.051 -4.096 -4.136 -4.173 -4.205 nan 0.446 0.995 0.446 -0.049 -0.494 
Round14
0.0 -3.327 -3.138 nan 36.179 40.699 45.721 51.301 57.501 64.39 72.045 80.55 90.0 0.0 
-3.182 -3.314 -3.274 nan 32.111 36.179 40.699 45.721 51.301 57.501 64.39 72.045 80.55 90.0 
-3.314 -3.433 -3.397 nan 28.45 32.111 36.179 nan 45.721 51.301 57.501 64.39 72.045 80.55 
-3.433 nan -3.507 nan 25.155 28.45 32.111 28.45 nan 45.721 51.301 57.501 64.39 72.045 
-3.132 nan -3.607 nan 22.19 25.155 28.45 25.155 22.19 nan 45.721 51.301 57.501 64.39 
-3.269 nan -3.256 nan 19.521 22.19 25.155 22.19 19.521 17.119 nan 45.721 51.301 57.501 
-3.392 nan -3.17 -3.303 nan 19.521 22.19 19.521 17.119 14.957 13.011 nan 45.721 51.301 
-3.503 nan -3.303 -3.106 -3.116 nan 19.521 17.119 14.957 13.011 11.26 9.684 nan 45.721 
-3.603 nan -3.106 -3.116 -3.043 -3.189 nan 14.957 13.011 11.26 9.684 8.266 6.989 nan 
-3.692 nan -3.116 -3.043 -3.189 -3.32 -3.438 nan 11.26 9.684 8.266 6.989 5.84 4.806 
-3.457 nan -3.043 -3.189 -3.32 -3.438 -3.544 -3.64 nan 8.266 6.989 5.84 4.806 3.875 
-3.561 -3.655 nan -3.32 -3.438 -3.544 -3.64 -3.726 -3.803 nan 5.84 4.806 3.875 3.038 
-3.655 -3.739 -3.815 nan -3.544 -3.64 -3.726 -3.803 3.038 3.875 4.806 3.875 3.038 2.284 
-3.739 -3.815 -3.884 -3.946 nan -3.726 -3.803 -3.873 2.284 3.038 3.875 3.038 2.284 1.606 
-3.815 -3.884 -3.946 -4.001 -4.051 nan -3.873 -3.935 1.606 2.284 3.038 2.284 1.606 0.995 
-3.884 -3.946 -4.001 -4.051 -4.096 -4.136 nan -3.992 0.995 1.606 2.284 1.606 0.995 0.446 
-3.946 -4.001 -4.051 -4.096 -4.136 -4.173 -4.205 nan 0.446 0.995 1.606 0.995 0.446 -0.049 
-4.001 -4.051 -4.096 -4.136 -4.173 -4.205 -4.235 -4.261 nan 0.446 0.995 0.446 -0.049 -0.494 
Round15
0.0 -3.274 -3.397 nan 36.179 40.699 45.721 51.301 57.501 64.39 72.045 80.55 90.0 0.0 
-3.433 -3.539 -3.507 nan 32.111 36.179 40.699 45.721 51.301 57.501 64.39 72.045 80.55 90.0 
-3.539 -3.635 -3.607 nan 28.45 32.111 36.179 nan 45.721 51.301 57.501 64.39 72.045 80.55 
-3.269 nan -3.696 nan 25.155 28.45 32.111 28.45 nan 45.721 51.301 57.501 64.39 72.045 
-3.392 nan -3.38 nan 22.19 25.155 28.45 25.155 22.19 nan 45.721 51.301 57.501 64.39 
-3.503 nan -3.303 nan 19.521 22.19 25.155 22.19 19.521 17.119 nan 45.721 51.301 57.501 
-3.603 nan -3.423 -3.245 nan 19.521 22.19 19.521 17.119 14.957 13.011 nan 45.721 51.301 
-3.692 nan -3.245 -3.255 -3.189 nan 19.521 17.119 14.957 13.011 11.26 9.684 nan 45.721 
-3.773 nan -3.255 -3.189 -3.32 -3.438 nan 14.957 13.011 11.26 9.684 8.266 6.989 nan 
-3.561 nan -3.189 -3.32 -3.438 -3.544 -3.64 nan 11.26 9.684 8.266 6.989 5.84 4.806 
-3.655 nan -3.32 -3.438 -3.544 -3.64 -3.726 -3.803 nan 8.266 6.989 5.84 4.806 3.875 
-3.739 -3.815 nan -3.544 -3.64 -3.726 -3.803 -3.873 2.284 nan 5.84 4.806 3.875 3.038 
-3.815 -3.884 -3.946 nan -3.726 -3.803 -3.873 2.284 3.038 3.875 4.806 3.875 3.038 2.284 
-3.884 -3.946 -4.001 -4.051 nan -3.873 -3.935 1.606 2.284 3.038 3.875 3.038 2.284 1.606 
-3.946 -4.001 -4.051 -4.096 -4.136 nan -3.992 0.995 1.606 2.284 3.038 2.284 1.606 0.995 
-4.001 -4.051 -4.096 -4.136 -4.173 -4.205 nan 0.446 0.995 1.606 2.284 1.606 0.995 0.446 
-4.051 -4.096 -4.136 -4.173 -4.205 -4.235 -4.261 nan 0.446 0.995 1.606 0.995 0.446 -0.049 
-4.096 -4.136 -4.173 -4.205 -4.235 -4.261 -4.285 -4.307 nan 0.446 0.995 0.446 -0.049 -0.494 
Round16
0.0 -3.507 -3.607 nan 36.179 40.699 45.721 51.301 57.501 64.39 72.045 80.55 90.0 0.0 
-3.635 -3.607 -3.696 nan 32.111 36.179 40.699 45.721 51.301 57.501 64.39 72.045 80.55 90.0 
-3.392 -3.696 -3.776 nan 28.45 32.111 36.179 nan 45.721 51.301 57.501 64.39 72.045 80.55 
-3.503 nan -3.492 nan 25.155 28.45 32.111 28.45 nan 45.721 51.301 57.501 64.39 72.045 
-3.603 nan -3.423 nan 22.19 25.155 28.45 25.155 22.19 nan 45.721 51.301 57.501 64.39 
-3.692 nan -3.53 nan 19.521 22.19 25.155 22.19 19.521 17.119 nan 45.721 51.301 57.501 
-3.773 nan -3.371 -3.379 nan 19.521 22.19 19.521 17.119 14.957 13.011 nan 45.721 51.301 
-3.846 nan -3.379 -3.32 -3.438 nan 19.521 17.119 14.957 13.011 11.26 9.684 nan 45.721 
-3.655 nan -3.32 -3.438 -3.544 -3.64 nan 14.957 13.011 11.26 9.684 8.266 6.989 nan 
-3.739 nan -3.438 -3.544 -3.64 -3.726 -3.803 nan 11.26 9.684 8.266 6.989 5.84 4.806 
-3.815 nan -3.544 -3.64 -3.726 -3.803 -3.873 -3.935 nan 8.266 6.989 5.84 4.806 3.875 
-3.884 -3.946 nan -3.726 -3.803 -3.873 -3.935 1.606 2.284 nan 5.84 4.806 3.875 3.038 
-3.946 -4.001 -4.051 nan -3.873 -3.935 1.606 2.284 3.038 3.875 4.806 3.875 3.038 2.284 
-4.001 -4.051 -4.096 -4.136 nan -3.992 0.995 1.606 2.284 3.038 3.875 3.038 2.284 1.606 
-4.051 -4.096 -4.136 -4.173 -4.205 nan 0.446 0.995 1.606 2.284 3.038 2.284 1.606 0.995 
-4.096 -4.136 -4.173 -4.205 -4.235 -4.261 nan 0.446 0.995 1.606 2.284 1.606 0.995 0.446 
-4.136 -4.173 -4.205 -4.235 -4.261 -4.285 -4.307 nan 0.446 0.995 1.606 0.995 0.446 -0.049 
-4.173 -4.205 -4.235 -4.261 -4.285 -4.307 -4.326 -4.343 nan 0.446 0.995 0.446 -0.049 -0.494 
Round17
0.0 -3.696 -3.776 nan 36.179 40.699 45.721 51.301 57.501 64.39 72.045 80.55 90.0 0.0 
-3.503 -3.776 -3.849 nan 32.111 36.179 40.699 45.721 51.301 57.501 64.39 72.045 80.55 90.0 
-3.603 -3.692 -3.593 nan 28.45 32.111 36.179 nan 45.721 51.301 57.501 64.39 72.045 80.55 
-3.692 nan -3.53 nan 25.155 28.45 32.111 28.45 nan 45.721 51.301 57.501 64.39 72.045 
-3.773 nan -3.627 nan 22.19 25.155 28.45 25.155 22.19 nan 45.721 51.301 57.501 64.39 
-3.846 nan -3.484 nan 19.521 22.19 25.155 22.19 19.521 17.119 nan 45.721 51.301 57.501 
-3.911 nan -3.491 -3.438 nan 19.521 22.19 19.521 17.119 14.957 13.011 nan 45.721 51.301 
-3.739 nan -3.438 -3.544 -3.64 nan 19.521 17.119 14.957 13.011 11.26 9.684 nan 45.721 
-3.815 nan -3.544 -3.64 -3.726 -3.803 nan 14.957 13.011 11.26 9.684 8.266 6.989 nan 
-3.884 nan -3.64 -3.726 -3.803 -3.873 -3.935 nan 11.26 9.684 8.266 6.989 5.84 4.806 
-3.946 nan -3.726 -3.803 -3.873 -3.935 -3.992 0.995 nan 8.266 6.989 5.84 4.806 3.875 
-4.001 -4.051 nan -3.873 -3.935 -3.992 0.995 1.606 2.284 nan 5.84 4.806 3.875 3.038 
-4.051 -4.096 -4.136 nan -3.992 0.995 1.606 2.284 3.038 3.875 4.806 3.875 3.038 2.284 
-4.096 -4.136 -4.173 -4.205 nan 0.446 0.995 1.606 2.284 3.038 3.875 3.038 2.284 1.606 
-4.136 -4.173 -4.205 -4.235 -4.261 nan 0.446 0.995 1.606 2.284 3.038 2.284 1.606 0.995 
-4.173 -4.205 -4.235 -4.261 -4.285 -4.307 nan 0.446 0.995 1.606 2.284 1.606 0.995 0.446 
-4.205 -4.235 -4.261 -4.285 -4.307 -4.326 -4.343 nan 0.446 0.995 1.606 0.995 0.446 -0.049 
-4.235 -4.261 -4.285 -4.307 -4.326 -4.343 -4.359 -4.373 nan 0.446 0.995 0.446 -0.049 -0.494 
Round18
0.0 -3.849 -3.914 nan 36.179 40.699 45.721 51.301 57.501 64.39 72.045 80.55 90.0 0.0 
-3.692 -3.773 -3.684 nan 32.111 36.179 40.699 45.721 51.301 57.501 64.39 72.045 80.55 90.0 
-3.773 -3.684 -3.627 nan 28.45 32.111 36.179 nan 45.721 51.301 57.501 64.39 72.045 80.55 
-3.846 nan -3.715 nan 25.155 28.45 32.111 28.45 nan 45.721 51.301 57.501 64.39 72.045 
-3.911 nan -3.585 nan 22.19 25.155 28.45 25.155 22.19 nan 45.721 51.301 57.501 64.39 
-3.97 nan -3.592 nan 19.521 22.19 25.155 22.19 19.521 17.119 nan 45.721 51.301 57.501 
-3.815 nan -3.544 -3.64 nan 19.521 22.19 19.521 17.119 14.957 13.011 nan 45.721 51.301 
-3.884 nan -3.64 -3.726 -3.803 nan 19.521 17.119 14.957 13.011 11.26 9.684 nan 45.721 
-3.946 nan -3.726 -3.803 -3.873 -3.935 nan 14.957 13.011 11.26 9.684 8.266 6.989 nan 
-4.001 nan -3.803 -3.873 -3.935 -3.992 -4.043 nan 11.26 9.684 8.266 6.989 5.84 4.806 
-4.051 nan -3.873 -3.935 -3.992 -4.043 0.446 0.995 nan 8.266 6.989 5.84 4.806 3.875 
-4.096 -4.136 nan -3.992 -4.043 0.446 0.995 1.606 2.284 nan 5.84 4.806 3.875 3.038 
-4.136 -4.173 -4.205 nan 0.446 0.995 1.606 2.284 3.038 3.875 4.806 3.875 3.038 2.284 
-4.173 -4.205 -4.235 -4.261 nan 0.446 0.995 1.606 2.284 3.038 3.875 3.038 2.284 1.606 
-4.205 -4.235 -4.261 -4.285 -4.307 nan 0.446 0.995 1.606 2.284 3.038 2.284 1.606 0.995 
-4.235 -4.261 -4.285 -4.307 -4.326 -4.343 nan 0.446 0.995 1.606 2.284 1.606 0.995 0.446 
-4.261 -4.285 -4.307 -4.326 -4.343 -4.359 -4.373 nan 0.446 0.995 1.606 0.995 0.446 -0.049 
-4.285 -4.307 -4.326 -4.343 -4.359 -4.373 -4.386 -4.397 nan 0.446 0.995 0.446 -0.049 -0.494 
Round19
0.0 -3.846 -3.765 nan 36.179 40.699 45.721 51.301 57.501 64.39 72.045 80.55 90.0 0.0 
-3.846 -3.765 -3.715 nan 32.111 36.179 40.699 45.721 51.301 57.501 64.39 72.045 80.55 90.0 
-3.765 -3.715 -3.793 nan 28.45 32.111 36.179 nan 45.721 51.301 57.501 64.39 72.045 80.55 
-3.839 nan -3.677 nan 25.155 28.45 32.111 28.45 nan 45.721 51.301 57.501 64.39 72.045 
-3.905 nan -3.683 nan 22.19 25.155 28.45 25.155 22.19 nan 45.721 51.301 57.501 64.39 
-3.884 nan -3.64 nan 19.521 22.19 25.155 22.19 19.521 17.119 nan 45.721 51.301 57.501 
-3.946 nan -3.726 -3.803 nan 19.521 22.19 19.521 17.119 14.957 13.011 nan 45.721 51.301 
-4.001 nan -3.803 -3.873 -3.935 nan 19.521 17.119 14.957 13.011 11.26 9.684 nan 45.721 
-4.051 nan -3.873 -3.935 -3.992 -4.043 nan 14.957 13.011 11.26 9.684 8.266 6.989 nan 
-4.096 nan -3.935 -3.992 -4.043 -4.088 -0.049 nan 11.26 9.684 8.266 6.989 5.84 4.806 
-4.136 nan -3.992 -4.043 -4.088 -0.049 0.446 0.995 nan 8.266 6.989 5.84 4.806 3.875 
-4.173 -4.205 nan -4.088 -0.049 0.446 0.995 1.606 2.284 nan 5.84 4.806 3.875 3.038 
-4.205 -4.235 -4.261 nan 0.446 0.995 1.606 2.284 3.038 3.875 4.806 3.875 3.038 2.284 
-4.235 -4.261 -4.285 -4.307 nan 0.446 0.995 1.606 2.284 3.038 3.875 3.038 2.284 1.606 
-4.261 -4.285 -4.307 -4.326 -4.343 nan 0.446 0.995 1.606 2.284 3.038 2.284 1.606 0.995 
-4.285 -4.307 -4.326 -4.343 -4.359 -4.373 nan 0.446 0.995 1.606 2.284 1.606 0.995 0.446 
-4.307 -4.326 -4.343 -4.359 -4.373 -4.386 -4.397 nan 0.446 0.995 1.606 0.995 0.446 -0.049 
-4.326 -4.343 -4.359 -4.373 -4.386 -4.397 -4.408 -4.417 nan 0.446 0.995 0.446 -0.049 -0.494 
Round20
0.0 -3.839 -3.793 nan 36.179 40.699 45.721 51.301 57.501 64.39 72.045 80.55 90.0 0.0 
-3.839 -3.793 -3.864 nan 32.111 36.179 40.699 45.721 51.301 57.501 64.39 72.045 80.55 90.0 
-3.793 -3.864 -3.759 nan 28.45 32.111 36.179 nan 45.721 51.301 57.501 64.39 72.045 80.55 
-3.864 nan -3.765 nan 25.155 28.45 32.111 28.45 nan 45.721 51.301 57.501 64.39 72.045 
-3.927 nan -3.726 nan 22.19 25.155 28.45 25.155 22.19 nan 45.721 51.301 57.501 64.39 
-3.985 nan -3.803 nan 19.521 22.19 25.155 22.19 19.521 17.119 nan 45.721 51.301 57.501 
-4.036 nan -3.873 -3.935 nan 19.521 22.19 19.521 17.119 14.957 13.011 nan 45.721 51.301 
-4.083 nan -3.935 -3.992 -4.043 nan 19.521 17.119 14.957 13.011 11.26 9.684 nan 45.721 
-4.124 nan -3.992 -4.043 -4.088 -4.13 nan 14.957 13.011 11.26 9.684 8.266 6.989 nan 
-4.162 nan -4.043 -4.088 -4.13 -0.494 -0.049 nan 11.26 9.684 8.266 6.989 5.84 4.806 
-4.196 nan -4.088 -4.13 -0.494 -0.049 0.446 0.995 nan 8.266 6.989 5.84 4.806 3.875 
-4.226 -4.254 nan -0.494 -0.049 0.446 0.995 1.606 2.284 nan 5.84 4.806 3.875 3.038 
-4.254 -4.278 -4.3 nan 0.446 0.995 1.606 2.284 3.038 3.875 4.806 3.875 3.038 2.284 
-4.278 -4.3 -4.32 -4.338 nan 0.446 0.995 1.606 2.284 3.038 3.875 3.038 2.284 1.606 
-4.3 -4.32 -4.338 -4.354 -4.369 nan 0.446 0.995 1.606 2.284 3.038 2.284 1.606 0.995 
-4.32 -4.338 -4.354 -4.369 -4.382 -4.394 nan 0.446 0.995 1.606 2.284 1.606 0.995 0.446 
-4.338 -4.354 -4.369 -4.382 -4.394 -4.405 -4.414 nan 0.446 0.995 1.606 0.995 0.446 -0.049 
-4.354 -4.369 -4.382 -4.394 -4.405 -4.414 -4.423 -4.43 nan 0.446 0.995 0.446 -0.049 -0.494 
Round21
0.0 -3.864 -3.927 nan 36.179 40.699 45.721 51.301 57.501 64.39 72.045 80.55 90.0 0.0 
-3.864 -3.927 -3.833 nan 32.111 36.179 40.699 45.721 51.301 57.501 64.39 72.045 80.55 90.0 
-3.927 -3.833 -3.838 nan 28.45 32.111 36.179 nan 45.721 51.301 57.501 64.39 72.045 80.55 
-3.985 nan -3.803 nan 25.155 28.45 32.111 28.45 nan 45.721 51.301 57.501 64.39 72.045 
-4.036 nan -3.873 nan 22.19 25.155 28.45 25.155 22.19 nan 45.721 51.301 57.501 64.39 
-4.083 nan -3.935 nan 19.521 22.19 25.155 22.19 19.521 17.119 nan 45.721 51.301 57.501 
-4.124 nan -3.992 -4.043 nan 19.521 22.19 19.521 17.119 14.957 13.011 nan 45.721 51.301 
-4.162 nan -4.043 -4.088 -4.13 nan 19.521 17.119 14.957 13.011 11.26 9.684 nan 45.721 
-4.196 nan -4.088 -4.13 -4.167 -0.895 nan 14.957 13.011 11.26 9.684 8.266 6.989 nan 
-4.226 nan -4.13 -4.167 -0.895 -0.494 -0.049 nan 11.26 9.684 8.266 6.989 5.84 4.806 
-4.254 nan -4.167 -0.895 -0.494 -0.049 0.446 0.995 nan 8.266 6.989 5.84 4.806 3.875 
-4.278 -4.3 nan -0.494 -0.049 0.446 0.995 1.606 2.284 nan 5.84 4.806 3.875 3.038 
-4.3 -4.32 -4.338 nan 0.446 0.995 1.606 2.284 3.038 3.875 4.806 3.875 3.038 2.284 
-4.32 -4.338 -4.354 -4.369 nan 0.446 0.995 1.606 2.284 3.038 3.875 3.038 2.284 1.606 
-4.338 -4.354 -4.369 -4.382 -4.394 nan 0.446 0.995 1.606 2.284 3.038 2.284 1.606 0.995 
-4.354 -4.369 -4.382 -4.394 -4.405 -4.414 nan 0.446 0.995 1.606 2.284 1.606 0.995 0.446 
-4.369 -4.382 -4.394 -4.405 -4.414 -4.423 -4.43 nan 0.446 0.995 1.606 0.995 0.446 -0.049 
-4.382 -4.394 -4.405 -4.414 -4.423 -4.43 -4.437 -4.444 nan 0.446 0.995 0.446 -0.049 -0.494 
Round22
0.0 -3.985 -3.9 nan 36.179 40.699 45.721 51.301 57.501 64.39 72.045 80.55 90.0 0.0 
-3.985 -3.9 -3.904 nan 32.111 36.179 40.699 45.721 51.301 57.501 64.39 72.045 80.55 90.0 
-3.9 -3.904 -3.873 nan 28.45 32.111 36.179 nan 45.721 51.301 57.501 64.39 72.045 80.55 
-3.96 nan -3.935 nan 25.155 28.45 32.111 28.45 nan 45.721 51.301 57.501 64.39 72.045 
-4.014 nan -3.992 nan 22.19 25.155 28.45 25.155 22.19 nan 45.721 51.301 57.501 64.39 
-4.063 nan -4.043 nan 19.521 22.19 25.155 22.19 19.521 17.119 nan 45.721 51.301 57.501 
-4.106 nan -4.088 -4.13 nan 19.521 22.19 19.521 17.119 14.957 13.011 nan 45.721 51.301 
-4.146 nan -4.13 -4.167 -4.2 nan 19.521 17.119 14.957 13.011 11.26 9.684 nan 45.721 
-4.181 nan -4.167 -4.2 -1.255 -0.895 nan 14.957 13.011 11.26 9.684 8.266 6.989 nan 
-4.213 nan -4.2 -1.255 -0.895 -0.494 -0.049 nan 11.26 9.684 8.266 6.989 5.84 4.806 
-4.242 nan -1.255 -0.895 -0.494 -0.049 0.446 0.995 nan 8.266 6.989 5.84 4.806 3.875 
-4.267 -4.291 nan -0.494 -0.049 0.446 0.995 1.606 2.284 nan 5.84 4.806 3.875 3.038 
-4.291 -4.312 -4.331 nan 0.446 0.995 1.606 2.284 3.038 3.875 4.806 3.875 3.038 2.284 
-4.312 -4.331 -4.347 -4.363 nan 0.446 0.995 1.606 2.284 3.038 3.875 3.038 2.284 1.606 
-4.331 -4.347 -4.363 -4.376 -4.389 nan 0.446 0.995 1.606 2.284 3.038 2.284 1.606 0.995 
-4.347 -4.363 -4.376 -4.389 -4.4 -4.41 nan 0.446 0.995 1.606 2.284 1.606 0.995 0.446 
-4.363 -4.376 -4.389 -4.4 -4.41 -4.419 -4.427 nan 0.446 0.995 1.606 0.995 0.446 -0.049 
-4.376 -4.389 -4.4 -4.41 -4.419 -4.427 -4.434 -4.441 nan 0.446 0.995 0.446 -0.049 -0.494 
Round23
0.0 -3.96 -3.964 nan 36.179 40.699 45.721 51.301 57.501 64.39 72.045 80.55 90.0 0.0 
-3.96 -3.964 -3.935 nan 32.111 36.179 40.699 45.721 51.301 57.501 64.39 72.045 80.55 90.0 
-3.964 -3.935 -3.992 nan 28.45 32.111 36.179 nan 45.721 51.301 57.501 64.39 72.045 80.55 
-4.018 nan -4.043 nan 25.155 28.45 32.111 28.45 nan 45.721 51.301 57.501 64.39 72.045 
-4.066 nan -4.088 nan 22.19 25.155 28.45 25.155 22.19 nan 45.721 51.301 57.501 64.39 
-4.109 nan -4.13 nan 19.521 22.19 25.155 22.19 19.521 17.119 nan 45.721 51.301 57.501 
-4.148 nan -4.167 -4.2 nan 19.521 22.19 19.521 17.119 14.957 13.011 nan 45.721 51.301 
-4.183 nan -4.2 -4.23 -1.58 nan 19.521 17.119 14.957 13.011 11.26 9.684 nan 45.721 
-4.215 nan -4.23 -1.58 -1.255 -0.895 nan 14.957 13.011 11.26 9.684 8.266 6.989 nan 
-4.244 nan -1.58 -1.255 -0.895 -0.494 -0.049 nan 11.26 9.684 8.266 6.989 5.84 4.806 
-4.269 nan -1.255 -0.895 -0.494 -0.049 0.446 0.995 nan 8.266 6.989 5.84 4.806 3.875 
-4.292 -4.313 nan -0.494 -0.049 0.446 0.995 1.606 2.284 nan 5.84 4.806 3.875 3.038 
-4.313 -4.332 -4.349 nan 0.446 0.995 1.606 2.284 3.038 3.875 4.806 3.875 3.038 2.284 
-4.332 -4.349 -4.364 -4.377 nan 0.446 0.995 1.606 2.284 3.038 3.875 3.038 2.284 1.606 
-4.349 -4.364 -4.377 -4.39 -4.401 nan 0.446 0.995 1.606 2.284 3.038 2.284 1.606 0.995 
-4.364 -4.377 -4.39 -4.401 -4.411 -4.42 nan 0.446 0.995 1.606 2.284 1.606 0.995 0.446 
-4.377 -4.39 -4.401 -4.411 -4.42 -4.428 -4.435 nan 0.446 0.995 1.606 0.995 0.446 -0.049 
-4.39 -4.401 -4.411 -4.42 -4.428 -4.435 -4.441 -4.447 nan 0.446 0.995 0.446 -0.049 -0.494 
Round24
0.0 -4.018 -3.992 nan 36.179 40.699 45.721 51.301 57.501 64.39 72.045 80.55 90.0 0.0 
-4.018 -3.992 -4.043 nan 32.111 36.179 40.699 45.721 51.301 57.501 64.39 72.045 80.55 90.0 
-3.992 -4.043 -4.088 nan 28.45 32.111 36.179 nan 45.721 51.301 57.501 64.39 72.045 80.55 
-4.043 nan -4.13 nan 25.155 28.45 32.111 28.45 nan 45.721 51.301 57.501 64.39 72.045 
-4.088 nan -4.167 nan 22.19 25.155 28.45 25.155 22.19 nan 45.721 51.301 57.501 64.39 
-4.13 nan -4.2 nan 19.521 22.19 25.155 22.19 19.521 17.119 nan 45.721 51.301 57.501 
-4.167 nan -4.23 -4.257 nan 19.521 22.19 19.521 17.119 14.957 13.011 nan 45.721 51.301 
-4.2 nan -4.257 -1.872 -1.58 nan 19.521 17.119 14.957 13.011 11.26 9.684 nan 45.721 
-4.23 nan -1.872 -1.58 -1.255 -0.895 nan 14.957 13.011 11.26 9.684 8.266 6.989 nan 
-4.257 nan -1.58 -1.255 -0.895 -0.494 -0.049 nan 11.26 9.684 8.266 6.989 5.84 4.806 
-4.281 nan -1.255 -0.895 -0.494 -0.049 0.446 0.995 nan 8.266 6.989 5.84 4.806 3.875 
-4.303 -4.323 nan -0.494 -0.049 0.446 0.995 1.606 2.284 nan 5.84 4.806 3.875 3.038 
-4.323 -4.341 -4.357 nan 0.446 0.995 1.606 2.284 3.038 3.875 4.806 3.875 3.038 2.284 
-4.341 -4.357 -4.371 -4.384 nan 0.446 0.995 1.606 2.284 3.038 3.875 3.038 2.284 1.606 
-4.357 -4.371 -4.384 -4.395 -4.406 nan 0.446 0.995 1.606 2.284 3.038 2.284 1.606 0.995 
-4.371 -4.384 -4.395 -4.406 -4.415 -4.424 nan 0.446 0.995 1.606 2.284 1.606 0.995 0.446 
-4.384 -4.395 -4.406 -4.415 -4.424 -4.431 -4.438 nan 0.446 0.995 1.606 0.995 0.446 -0.049 
-4.395 -4.406 -4.415 -4.424 -4.431 -4.438 -4.444 -4.45 nan 0.446 0.995 0.446 -0.049 -0.494 
Round25
0.0 -4.043 -4.088 nan 36.179 40.699 45.721 51.301 57.501 64.39 72.045 80.55 90.0 0.0 
-4.043 -4.088 -4.13 nan 32.111 36.179 40.699 45.721 51.301 57.501 64.39 72.045 80.55 90.0 
-4.088 -4.13 -4.167 nan 28.45 32.111 36.179 nan 45.721 51.301 57.501 64.39 72.045 80.55 
-4.13 nan -4.2 nan 25.155 28.45 32.111 28.45 nan 45.721 51.301 57.501 64.39 72.045 
-4.167 nan -4.23 nan 22.19 25.155 28.45 25.155 22.19 nan 45.721 51.301 57.501 64.39 
-4.2 nan -4.257 nan 19.521 22.19 25.155 22.19 19.521 17.119 nan 45.721 51.301 57.501 
-4.23 nan -4.281 -2.135 nan 19.521 22.19 19.521 17.119 14.957 13.011 nan 45.721 51.301 
-4.257 nan -2.135 -1.872 -1.58 nan 19.521 17.119 14.957 13.011 11.26 9.684 nan 45.721 
-4.281 nan -1.872 -1.58 -1.255 -0.895 nan 14.957 13.011 11.26 9.684 8.266 6.989 nan 
-4.303 nan -1.58 -1.255 -0.895 -0.494 -0.049 nan 11.26 9.684 8.266 6.989 5.84 4.806 
-4.323 nan -1.255 -0.895 -0.494 -0.049 0.446 0.995 nan 8.266 6.989 5.84 4.806 3.875 
-4.341 -4.357 nan -0.494 -0.049 0.446 0.995 1.606 2.284 nan 5.84 4.806 3.875 3.038 
-4.357 -4.371 -4.384 nan 0.446 0.995 1.606 2.284 3.038 3.875 4.806 3.875 3.038 2.284 
-4.371 -4.384 -4.395 -4.406 nan 0.446 0.995 1.606 2.284 3.038 3.875 3.038 2.284 1.606 
-4.384 -4.395 -4.406 -4.415 -4.424 nan 0.446 0.995 1.606 2.284 3.038 2.284 1.606 0.995 
-4.395 -4.406 -4.415 -4.424 -4.431 -4.438 nan 0.446 0.995 1.606 2.284 1.606 0.995 0.446 
-4.406 -4.415 -4.424 -4.431 -4.438 -4.444 -4.45 nan 0.446 0.995 1.606 0.995 0.446 -0.049 
-4.415 -4.424 -4.431 -4.438 -4.444 -4.45 -4.455 -4.459 nan 0.446 0.995 0.446 -0.049 -0.494 
Round26
0.0 -4.13 -4.167 nan 36.179 40.699 45.721 51.301 57.501 64.39 72.045 80.55 90.0 0.0 
-4.13 -4.167 -4.2 nan 32.111 36.179 40.699 45.721 51.301 57.501 64.39 72.045 80.55 90.0 
-4.167 -4.2 -4.23 nan 28.45 32.111 36.179 nan 45.721 51.301 57.501 64.39 72.045 80.55 
-4.2 nan -4.257 nan 25.155 28.45 32.111 28.45 nan 45.721 51.301 57.501 64.39 72.045 
-4.23 nan -4.281 nan 22.19 25.155 28.45 25.155 22.19 nan 45.721 51.301 57.501 64.39 
-4.257 nan -4.303 nan 19.521 22.19 25.155 22.19 19.521 17.119 nan 45.721 51.301 57.501 
-4.281 nan -2.371 -2.135 nan 19.521 22.19 19.521 17.119 14.957 13.011 nan 45.721 51.301 
-4.303 nan -2.135 -1.872 -1.58 nan 19.521 17.119 14.957 13.011 11.26 9.684 nan 45.721 
-4.323 nan -1.872 -1.58 -1.255 -0.895 nan 14.957 13.011 11.26 9.684 8.266 6.989 nan 
-4.341 nan -1.58 -1.255 -0.895 -0.494 -0.049 nan 11.26 9.684 8.266 6.989 5.84 4.806 
-4.357 nan -1.255 -0.895 -0.494 -0.049 0.446 0.995 nan 8.266 6.989 5.84 4.806 3.875 
-4.371 -4.384 nan -0.494 -0.049 0.446 0.995 1.606 2.284 nan 5.84 4.806 3.875 3.038 
-4.384 -4.395 -4.406 nan 0.446 0.995 1.606 2.284 3.038 3.875 4.806 3.875 3.038 2.284 
-4.395 -4.406 -4.415 -4.424 nan 0.446 0.995 1.606 2.284 3.038 3.875 3.038 2.284 1.606 
-4.406 -4.415 -4.424 -4.431 -4.438 nan 0.446 0.995 1.606 2.284 3.038 2.284 1.606 0.995 
-4.415 -4.424 -4.431 -4.438 -4.444 -4.45 nan 0.446 0.995 1.606 2.284 1.606 0.995 0.446 
-4.424 -4.431 -4.438 -4.444 -4.45 -4.455 -4.459 nan 0.446 0.995 1.606 0.995 0.446 -0.049 
-4.431 -4.438 -4.444 -4.45 -4.455 -4.459 -4.464 -4.467 nan 0.446 0.995 0.446 -0.049 -0.494 
Round27
0.0 -4.2 -4.23 nan 36.179 40.699 45.721 51.301 57.501 64.39 72.045 80.55 90.0 0.0 
-4.2 -4.23 -4.257 nan 32.111 36.179 40.699 45.721 51.301 57.501 64.39 72.045 80.55 90.0 
-4.23 -4.257 -4.281 nan 28.45 32.111 36.179 nan 45.721 51.301 57.501 64.39 72.045 80.55 
-4.257 nan -4.303 nan 25.155 28.45 32.111 28.45 nan 45.721 51.301 57.501 64.39 72.045 
-4.281 nan -4.323 nan 22.19 25.155 28.45 25.155 22.19 nan 45.721 51.301 57.501 64.39 
-4.303 nan -2.584 nan 19.521 22.19 25.155 22.19 19.521 17.119 nan 45.721 51.301 57.501 
-4.323 nan -2.371 -2.135 nan 19.521 22.19 19.521 17.119 14.957 13.011 nan 45.721 51.301 
-4.341 nan -2.135 -1.872 -1.58 nan 19.521 17.119 14.957 13.011 11.26 9.684 nan 45.721 
-4.357 nan -1.872 -1.58 -1.255 -0.895 nan 14.957 13.011 11.26 9.684 8.266 6.989 nan 
-4.371 nan -1.58 -1.255 -0.895 -0.494 -0.049 nan 11.26 9.684 8.266 6.989 5.84 4.806 
-4.384 nan -1.255 -0.895 -0.494 -0.049 0.446 0.995 nan 8.266 6.989 5.84 4.806 3.875 
-4.395 -4.406 nan -0.494 -0.049 0.446 0.995 1.606 2.284 nan 5.84 4.806 3.875 3.038 
-4.406 -4.415 -4.424 nan 0.446 0.995 1.606 2.284 3.038 3.875 4.806 3.875 3.038 2.284 
-4.415 -4.424 -4.431 -4.438 nan 0.446 0.995 1.606 2.284 3.038 3.875 3.038 2.284 1.606 
-4.424 -4.431 -4.438 -4.444 -4.45 nan 0.446 0.995 1.606 2.284 3.038 2.284 1.606 0.995 
-4.431 -4.438 -4.444 -4.45 -4.455 -4.459 nan 0.446 0.995 1.606 2.284 1.606 0.995 0.446 
-4.438 -4.444 -4.45 -4.455 -4.459 -4.464 -4.467 nan 0.446 0.995 1.606 0.995 0.446 -0.049 
-4.444 -4.45 -4.455 -4.459 -4.464 -4.467 -4.47 -4.473 nan 0.446 0.995 0.446 -0.049 -0.494 
Round28
0.0 -4.257 -4.281 nan 36.179 40.699 45.721 51.301 57.501 64.39 72.045 80.55 90.0 0.0 
-4.257 -4.281 -4.303 nan 32.111 36.179 40.699 45.721 51.301 57.501 64.39 72.045 80.55 90.0 
-4.281 -4.303 -4.323 nan 28.45 32.111 36.179 nan 45.721 51.301 57.501 64.39 72.045 80.55 
-4.303 nan -4.341 nan 25.155 28.45 32.111 28.45 nan 45.721 51.301 57.501 64.39 72.045 
-4.323 nan -2.776 nan 22.19 25.155 28.45 25.155 22.19 nan 45.721 51.301 57.501 64.39 
-4.341 nan -2.584 nan 19.521 22.19 25.155 22.19 19.521 17.119 nan 45.721 51.301 57.501 
-4.357 nan -2.371 -2.135 nan 19.521 22.19 19.521 17.119 14.957 13.011 nan 45.721 51.301 
-4.371 nan -2.135 -1.872 -1.58 nan 19.521 17.119 14.957 13.011 11.26 9.684 nan 45.721 
-4.384 nan -1.872 -1.58 -1.255 -0.895 nan 14.957 13.011 11.26 9.684 8.266 6.989 nan 
-4.395 nan -1.58 -1.255 -0.895 -0.494 -0.049 nan 11.26 9.684 8.266 6.989 5.84 4.806 
-4.406 nan -1.255 -0.895 -0.494 -0.049 0.446 0.995 nan 8.266 6.989 5.84 4.806 3.875 
-4.415 -4.424 nan -0.494 -0.049 0.446 0.995 1.606 2.284 nan 5.84 4.806 3.875 3.038 
-4.424 -4.431 -4.438 nan 0.446 0.995 1.606 2.284 3.038 3.875 4.806 3.875 3.038 2.284 
-4.431 -4.438 -4.444 -4.45 nan 0.446 0.995 1.606 2.284 3.038 3.875 3.038 2.284 1.606 
-4.438 -4.444 -4.45 -4.455 -4.459 nan 0.446 0.995 1.606 2.284 3.038 2.284 1.606 0.995 
-4.444 -4.45 -4.455 -4.459 -4.464 -4.467 nan 0.446 0.995 1.606 2.284 1.606 0.995 0.446 
-4.45 -4.455 -4.459 -4.464 -4.467 -4.47 -4.473 nan 0.446 0.995 1.606 0.995 0.446 -0.049 
-4.455 -4.459 -4.464 -4.467 -4.47 -4.473 -4.476 -4.478 nan 0.446 0.995 0.446 -0.049 -0.494 
Round29
0.0 -4.303 -4.323 nan 36.179 40.699 45.721 51.301 57.501 64.39 72.045 80.55 90.0 0.0 
-4.303 -4.323 -4.341 nan 32.111 36.179 40.699 45.721 51.301 57.501 64.39 72.045 80.55 90.0 
-4.323 -4.341 -4.357 nan 28.45 32.111 36.179 nan 45.721 51.301 57.501 64.39 72.045 80.55 
-4.341 nan -2.948 nan 25.155 28.45 32.111 28.45 nan 45.721 51.301 57.501 64.39 72.045 
-4.357 nan -2.776 nan 22.19 25.155 28.45 25.155 22.19 nan 45.721 51.301 57.501 64.39 
-4.371 nan -2.584 nan 19.521 22.19 25.155 22.19 19.521 17.119 nan 45.721 51.301 57.501 
-4.384 nan -2.371 -2.135 nan 19.521 22.19 19.521 17.119 14.957 13.011 nan 45.721 51.301 
-4.395 nan -2.135 -1.872 -1.58 nan 19.521 17.119 14.957 13.011 11.26 9.684 nan 45.721 
-4.406 nan -1.872 -1.58 -1.255 -0.895 nan 14.957 13.011 11.26 9.684 8.266 6.989 nan 
-4.415 nan -1.58 -1.255 -0.895 -0.494 -0.049 nan 11.26 9.684 8.266 6.989 5.84 4.806 
-4.424 nan -1.255 -0.895 -0.494 -0.049 0.446 0.995 nan 8.266 6.989 5.84 4.806 3.875 
-4.431 -4.438 nan -0.494 -0.049 0.446 0.995 1.606 2.284 nan 5.84 4.806 3.875 3.038 
-4.438 -4.444 -4.45 nan 0.446 0.995 1.606 2.284 3.038 3.875 4.806 3.875 3.038 2.284 
-4.444 -4.45 -4.455 -4.459 nan 0.446 0.995 1.606 2.284 3.038 3.875 3.038 2.284 1.606 
-4.45 -4.455 -4.459 -4.464 -4.467 nan 0.446 0.995 1.606 2.284 3.038 2.284 1.606 0.995 
-4.455 -4.459 -4.464 -4.467 -4.47 -4.473 nan 0.446 0.995 1.606 2.284 1.606 0.995 0.446 
-4.459 -4.464 -4.467 -4.47 -4.473 -4.476 -4.478 nan 0.446 0.995 1.606 0.995 0.446 -0.049 
-4.464 -4.467 -4.47 -4.473 -4.476 -4.478 -4.481 -4.483 nan 0.446 0.995 0.446 -0.049 -0.494 
Round30
0.0 -4.341 -4.357 nan 36.179 40.699 45.721 51.301 57.501 64.39 72.045 80.55 90.0 0.0 
-4.341 -4.357 -4.371 nan 32.111 36.179 40.699 45.721 51.301 57.501 64.39 72.045 80.55 90.0 
-4.357 -4.371 -3.103 nan 28.45 32.111 36.179 nan 45.721 51.301 57.501 64.39 72.045 80.55 
-4.371 nan -2.948 nan 25.155 28.45 32.111 28.45 nan 45.721 51.301 57.501 64.39 72.045 
-4.384 nan -2.776 nan 22.19 25.155 28.45 25.155 22.19 nan 45.721 51.301 57.501 64.39 
-4.395 nan -2.584 nan 19.521 22.19 25.155 22.19 19.521 17.119 nan 45.721 51.301 57.501 
-4.406 nan -2.371 -2.135 nan 19.521 22.19 19.521 17.119 14.957 13.011 nan 45.721 51.301 
-4.415 nan -2.135 -1.872 -1.58 nan 19.521 17.119 14.957 13.011 11.26 9.684 nan 45.721 
-4.424 nan -1.872 -1.58 -1.255 -0.895 nan 14.957 13.011 11.26 9.684 8.266 6.989 nan 
-4.431 nan -1.58 -1.255 -0.895 -0.494 -0.049 nan 11.26 9.684 8.266 6.989 5.84 4.806 
-4.438 nan -1.255 -0.895 -0.494 -0.049 0.446 0.995 nan 8.266 6.989 5.84 4.806 3.875 
-4.444 -4.45 nan -0.494 -0.049 0.446 0.995 1.606 2.284 nan 5.84 4.806 3.875 3.038 
-4.45 -4.455 -4.459 nan 0.446 0.995 1.606 2.284 3.038 3.875 4.806 3.875 3.038 2.284 
-4.455 -4.459 -4.464 -4.467 nan 0.446 0.995 1.606 2.284 3.038 3.875 3.038 2.284 1.606 
-4.459 -4.464 -4.467 -4.47 -4.473 nan 0.446 0.995 1.606 2.284 3.038 2.284 1.606 0.995 
-4.464 -4.467 -4.47 -4.473 -4.476 -4.478 nan 0.446 0.995 1.606 2.284 1.606 0.995 0.446 
-4.467 -4.47 -4.473 -4.476 -4.478 -4.481 -4.483 nan 0.446 0.995 1.606 0.995 0.446 -0.049 
-4.47 -4.473 -4.476 -4.478 -4.481 -4.483 -4.484 -4.486 nan 0.446 0.995 0.446 -0.049 -0.494 
Round31
0.0 -4.371 -4.384 nan 36.179 40.699 45.721 51.301 57.501 64.39 72.045 80.55 90.0 0.0 
-4.371 -4.384 -3.243 nan 32.111 36.179 40.699 45.721 51.301 57.501 64.39 72.045 80.55 90.0 
-4.384 -3.243 -3.103 nan 28.45 32.111 36.179 nan 45.721 51.301 57.501 64.39 72.045 80.55 
-4.395 nan -2.948 nan 25.155 28.45 32.111 28.45 nan 45.721 51.301 57.501 64.39 72.045 
-4.406 nan -2.776 nan 22.19 25.155 28.45 25.155 22.19 nan 45.721 51.301 57.501 64.39 
-4.415 nan -2.584 nan 19.521 22.19 25.155 22.19 19.521 17.119 nan 45.721 51.301 57.501 
-4.424 nan -2.371 -2.135 nan 19.521 22.19 19.521 17.119 14.957 13.011 nan 45.721 51.301 
-4.431 nan -2.135 -1.872 -1.58 nan 19.521 17.119 14.957 13.011 11.26 9.684 nan 45.721 
-4.438 nan -1.872 -1.58 -1.255 -0.895 nan 14.957 13.011 11.26 9.684 8.266 6.989 nan 
-4.444 nan -1.58 -1.255 -0.895 -0.494 -0.049 nan 11.26 9.684 8.266 6.989 5.84 4.806 
-4.45 nan -1.255 -0.895 -0.494 -0.049 0.446 0.995 nan 8.266 6.989 5.84 4.806 3.875 
-4.455 -4.459 nan -0.494 -0.049 0.446 0.995 1.606 2.284 nan 5.84 4.806 3.875 3.038 
-4.459 -4.464 -4.467 nan 0.446 0.995 1.606 2.284 3.038 3.875 4.806 3.875 3.038 2.284 
-4.464 -4.467 -4.47 -4.473 nan 0.446 0.995 1.606 2.284 3.038 3.875 3.038 2.284 1.606 
-4.467 -4.47 -4.473 -4.476 -4.478 nan 0.446 0.995 1.606 2.284 3.038 2.284 1.606 0.995 
-4.47 -4.473 -4.476 -4.478 -4.481 -4.483 nan 0.446 0.995 1.606 2.284 1.606 0.995 0.446 
-4.473 -4.476 -4.478 -4.481 -4.483 -4.484 -4.486 nan 0.446 0.995 1.606 0.995 0.446 -0.049 
-4.476 -4.478 -4.481 -4.483 -4.484 -4.486 -4.487 -4.489 nan 0.446 0.995 0.446 -0.049 -0.494 
Round32
0.0 -4.395 -3.369 nan 36.179 40.699 45.721 51.301 57.501 64.39 72.045 80.55 90.0 0.0 
-4.395 -3.369 -3.243 nan 32.111 36.179 40.699 45.721 51.301 57.501 64.39 72.045 80.55 90.0 
-3.369 -3.243 -3.103 nan 28.45 32.111 36.179 nan 45.721 51.301 57.501 64.39 72.045 80.55 
-3.482 nan -2.948 nan 25.155 28.45 32.111 28.45 nan 45.721 51.301 57.501 64.39 72.045 
-3.584 nan -2.776 nan 22.19 25.155 28.45 25.155 22.19 nan 45.721 51.301 57.501 64.39 
-3.675 nan -2.584 nan 19.521 22.19 25.155 22.19 19.521 17.119 nan 45.721 51.301 57.501 
-3.758 nan -2.371 -2.135 nan 19.521 22.19 19.521 17.119 14.957 13.011 nan 45.721 51.301 
-3.832 nan -2.135 -1.872 -1.58 nan 19.521 17.119 14.957 13.011 11.26 9.684 nan 45.721 
-3.899 nan -1.872 -1.58 -1.255 -0.895 nan 14.957 13.011 11.26 9.684 8.266 6.989 nan 
-3.959 nan -1.58 -1.255 -0.895 -0.494 -0.049 nan 11.26 9.684 8.266 6.989 5.84 4.806 
-4.013 nan -1.255 -0.895 -0.494 -0.049 0.446 0.995 nan 8.266 6.989 5.84 4.806 3.875 
-4.062 -4.106 nan -0.494 -0.049 0.446 0.995 1.606 2.284 nan 5.84 4.806 3.875 3.038 
-4.106 -4.145 -4.18 nan 0.446 0.995 1.606 2.284 3.038 3.875 4.806 3.875 3.038 2.284 
-4.145 -4.18 -4.212 -4.241 nan 0.446 0.995 1.606 2.284 3.038 3.875 3.038 2.284 1.606 
-4.18 -4.212 -4.241 -4.267 -4.29 nan 0.446 0.995 1.606 2.284 3.038 2.284 1.606 0.995 
-4.212 -4.241 -4.267 -4.29 -4.311 -4.33 nan 0.446 0.995 1.606 2.284 1.606 0.995 0.446 
-4.241 -4.267 -4.29 -4.311 -4.33 -4.347 -4.362 nan 0.446 0.995 1.606 0.995 0.446 -0.049 
-4.267 -4.29 -4.311 -4.33 -4.347 -4.362 -4.376 -4.389 nan 0.446 0.995 0.446 -0.049 -0.494 
Round33
0.0 -3.482 -3.369 nan 36.179 40.699 45.721 51.301 57.501 64.39 72.045 80.55 90.0 0.0 
-3.482 -3.369 -3.243 nan 32.111 36.179 40.699 45.721 51.301 57.501 64.39 72.045 80.55 90.0 
-3.369 -3.243 -3.103 nan 28.45 32.111 36.179 nan 45.721 51.301 57.501 64.39 72.045 80.55 
-3.482 nan -2.948 nan 25.155 28.45 32.111 28.45 nan 45.721 51.301 57.501 64.39 72.045 
-3.584 nan -2.776 nan 22.19 25.155 28.45 25.155 22.19 nan 45.721 51.301 57.501 64.39 
-3.675 nan -2.584 nan 19.521 22.19 25.155 22.19 19.521 17.119 nan 45.721 51.301 57.501 
-3.758 nan -2.371 -2.135 nan 19.521 22.19 19.521 17.119 14.957 13.011 nan 45.721 51.301 
-3.832 nan -2.135 -1.872 -1.58 nan 19.521 17.119 14.957 13.011 11.26 9.684 nan 45.721 
-3.899 nan -1.872 -1.58 -1.255 -0.895 nan 14.957 13.011 11.26 9.684 8.266 6.989 nan 
-3.959 nan -1.58 -1.255 -0.895 -0.494 -0.049 nan 11.26 9.684 8.266 6.989 5.84 4.806 
-4.013 nan -1.255 -0.895 -0.494 -0.049 0.446 0.995 nan 8.266 6.989 5.84 4.806 3.875 
-4.062 -4.106 nan -0.494 -0.049 0.446 0.995 1.606 2.284 nan 5.84 4.806 3.875 3.038 
-4.106 -4.145 -4.18 nan 0.446 0.995 1.606 2.284 3.038 3.875 4.806 3.875 3.038 2.284 
-4.145 -4.18 -4.212 -4.241 nan 0.446 0.995 1.606 2.284 3.038 3.875 3.038 2.284 1.606 
-4.18 -4.212 -4.241 -4.267 -4.29 nan 0.446 0.995 1.606 2.284 3.038 2.284 1.606 0.995 
-4.212 -4.241 -4.267 -4.29 -4.311 -4.33 nan 0.446 0.995 1.606 2.284 1.606 0.995 0.446 
-4.241 -4.267 -4.29 -4.311 -4.33 -4.347 -4.362 nan 0.446 0.995 1.606 0.995 0.446 -0.049 
-4.267 -4.29 -4.311 -4.33 -4.347 -4.362 -4.376 -4.389 nan 0.446 0.995 0.446 -0.049 -0.494 
