Round1
1.0 3.0 -1.0 2.0 2.0 2.0 1.0 1.0 9.0 
0.0 0.0 -1.0 1.0 1.0 3.0 3.0 1.0 0.0 
2.0 2.0 -1.0 0.0 0.0 0.0 3.0 3.0 0.0 
2.0 3.0 -1.0 0.0 -1.0 -1.0 -1.0 -1.0 -1.0 
0.0 3.0 -1.0 0.0 2.0 2.0 2.0 1.0 2.0 
0.0 3.0 -1.0 1.0 2.0 3.0 3.0 1.0 0.0 
2.0 2.0 -1.0 2.0 0.0 3.0 2.0 2.0 0.0 
1.0 2.0 3.0 1.0 3.0 1.0 1.0 3.0 3.0 
1.0 0.0 3.0 0.0 0.0 3.0 0.0 0.0 9.0 
Round2
1.0 3.0 -1.0 1.0 1.0 3.0 1.0 1.0 9.0 
2.0 2.0 -1.0 1.0 0.0 0.0 1.0 0.0 0.0 
2.0 3.0 -1.0 0.0 0.0 0.0 0.0 1.0 0.0 
0.0 3.0 -1.0 0.0 -1.0 -1.0 -1.0 -1.0 -1.0 
0.0 0.0 -1.0 1.0 2.0 3.0 1.0 1.0 3.0 
2.0 2.0 -1.0 2.0 0.0 3.0 2.0 0.0 0.0 
1.0 2.0 -1.0 0.0 3.0 1.0 1.0 3.0 3.0 
1.0 1.0 3.0 3.0 1.0 1.0 0.0 0.0 3.0 
1.0 0.0 0.0 3.0 0.0 0.0 0.0 0.0 9.0 
Round3
2.0 2.0 -1.0 1.0 3.0 1.0 1.0 1.0 9.0 
2.0 3.0 -1.0 0.0 0.0 1.0 0.0 0.0 0.0 
0.0 3.0 -1.0 0.0 0.0 1.0 1.0 0.0 0.0 
0.0 0.0 -1.0 2.0 -1.0 -1.0 -1.0 -1.0 -1.0 
2.0 2.0 -1.0 2.0 3.0 1.0 2.0 3.0 3.0 
1.0 2.0 -1.0 0.0 3.0 1.0 0.0 3.0 0.0 
1.0 2.0 -1.0 0.0 1.0 1.0 0.0 3.0 3.0 
1.0 0.0 3.0 1.0 2.0 0.0 0.0 0.0 0.0 
0.0 0.0 0.0 1.0 0.0 3.0 0.0 0.0 9.0 
Round4
2.0 3.0 -1.0 1.0 1.0 1.0 1.0 1.0 9.0 
0.0 3.0 -1.0 0.0 1.0 0.0 0.0 0.0 0.0 
0.0 0.0 -1.0 2.0 1.0 1.0 0.0 0.0 0.0 
2.0 2.0 -1.0 2.0 -1.0 -1.0 -1.0 -1.0 -1.0 
1.0 2.0 -1.0 0.0 1.0 1.0 1.0 3.0 3.0 
1.0 2.0 -1.0 0.0 1.0 1.0 0.0 0.0 0.0 
1.0 0.0 -1.0 1.0 2.0 0.0 0.0 0.0 0.0 
0.0 0.0 1.0 1.0 0.0 3.0 0.0 0.0 0.0 
0.0 0.0 1.0 0.0 0.0 3.0 0.0 0.0 9.0 
Round5
1.0 3.0 -1.0 1.0 1.0 1.0 1.0 1.0 9.0 
0.0 0.0 -1.0 1.0 0.0 0.0 0.0 0.0 0.0 
2.0 2.0 -1.0 1.0 1.0 0.0 0.0 0.0 0.0 
1.0 2.0 -1.0 0.0 -1.0 -1.0 -1.0 -1.0 -1.0 
1.0 2.0 -1.0 1.0 1.0 1.0 3.0 3.0 3.0 
1.0 0.0 -1.0 1.0 1.0 0.0 0.0 0.0 0.0 
0.0 0.0 -1.0 1.0 0.0 0.0 0.0 0.0 0.0 
0.0 1.0 1.0 0.0 0.0 0.0 0.0 0.0 0.0 
0.0 1.0 0.0 0.0 0.0 0.0 0.0 0.0 9.0 
Round6
1.0 3.0 -1.0 1.0 1.0 1.0 1.0 1.0 9.0 
2.0 2.0 -1.0 0.0 0.0 0.0 0.0 0.0 0.0 
1.0 2.0 -1.0 1.0 0.0 0.0 0.0 0.0 0.0 
1.0 2.0 -1.0 0.0 -1.0 -1.0 -1.0 -1.0 -1.0 
1.0 0.0 -1.0 1.0 1.0 3.0 3.0 3.0 3.0 
0.0 0.0 -1.0 1.0 0.0 0.0 0.0 0.0 0.0 
0.0 2.0 -1.0 0.0 0.0 0.0 0.0 0.0 0.0 
1.0 1.0 3.0 0.0 0.0 0.0 0.0 0.0 0.0 
1.0 0.0 0.0 0.0 0.0 0.0 0.0 0.0 9.0 
Round7
2.0 2.0 -1.0 1.0 1.0 1.0 1.0 1.0 9.0 
1.0 2.0 -1.0 0.0 0.0 0.0 0.0 0.0 0.0 
1.0 2.0 -1.0 0.0 0.0 0.0 0.0 0.0 0.0 
1.0 0.0 -1.0 0.0 -1.0 -1.0 -1.0 -1.0 -1.0 
0.0 0.0 -1.0 0.0 3.0 3.0 3.0 3.0 3.0 
0.0 2.0 -1.0 0.0 0.0 0.0 0.0 0.0 0.0 
1.0 2.0 -1.0 0.0 0.0 0.0 0.0 0.0 0.0 
1.0 0.0 3.0 0.0 0.0 0.0 0.0 0.0 0.0 
0.0 0.0 0.0 0.0 0.0 0.0 0.0 0.0 9.0 
Round8
1.0 2.0 -1.0 1.0 1.0 1.0 1.0 1.0 9.0 
1.0 2.0 -1.0 0.0 0.0 0.0 0.0 0.0 0.0 
1.0 0.0 -1.0 0.0 0.0 0.0 0.0 0.0 0.0 
0.0 0.0 -1.0 0.0 -1.0 -1.0 -1.0 -1.0 -1.0 
0.0 2.0 -1.0 0.0 3.0 3.0 3.0 3.0 3.0 
1.0 2.0 -1.0 0.0 0.0 0.0 0.0 0.0 0.0 
1.0 0.0 -1.0 0.0 0.0 0.0 0.0 0.0 0.0 
0.0 0.0 1.0 0.0 0.0 0.0 0.0 0.0 0.0 
0.0 0.0 1.0 0.0 0.0 0.0 0.0 0.0 9.0 
Round9
1.0 2.0 -1.0 1.0 1.0 1.0 1.0 1.0 9.0 
1.0 0.0 -1.0 0.0 0.0 0.0 0.0 0.0 0.0 
0.0 0.0 -1.0 0.0 0.0 0.0 0.0 0.0 0.0 
0.0 2.0 -1.0 0.0 -1.0 -1.0 -1.0 -1.0 -1.0 
1.0 2.0 -1.0 0.0 3.0 3.0 3.0 3.0 3.0 
1.0 0.0 -1.0 0.0 0.0 0.0 0.0 0.0 0.0 
0.0 0.0 -1.0 0.0 0.0 0.0 0.0 0.0 0.0 
0.0 1.0 1.0 0.0 0.0 0.0 0.0 0.0 0.0 
0.0 1.0 0.0 0.0 0.0 0.0 0.0 0.0 9.0 
Round10
1.0 3.0 -1.0 1.0 1.0 1.0 1.0 1.0 9.0 
0.0 0.0 -1.0 0.0 0.0 0.0 0.0 0.0 0.0 
0.0 2.0 -1.0 0.0 0.0 0.0 0.0 0.0 0.0 
1.0 2.0 -1.0 0.0 -1.0 -1.0 -1.0 -1.0 -1.0 
1.0 0.0 -1.0 0.0 3.0 3.0 3.0 3.0 3.0 
0.0 0.0 -1.0 0.0 0.0 0.0 0.0 0.0 0.0 
0.0 2.0 -1.0 0.0 0.0 0.0 0.0 0.0 0.0 
1.0 1.0 1.0 0.0 0.0 0.0 0.0 0.0 0.0 
1.0 0.0 0.0 0.0 0.0 0.0 0.0 0.0 9.0 
Round11
1.0 3.0 -1.0 1.0 1.0 1.0 1.0 1.0 9.0 
0.0 2.0 -1.0 0.0 0.0 0.0 0.0 0.0 0.0 
1.0 2.0 -1.0 0.0 0.0 0.0 0.0 0.0 0.0 
1.0 0.0 -1.0 0.0 -1.0 -1.0 -1.0 -1.0 -1.0 
0.0 0.0 -1.0 0.0 3.0 3.0 3.0 3.0 3.0 
0.0 2.0 -1.0 0.0 0.0 0.0 0.0 0.0 0.0 
1.0 2.0 -1.0 0.0 0.0 0.0 0.0 0.0 0.0 
1.0 1.0 1.0 0.0 0.0 0.0 0.0 0.0 0.0 
0.0 0.0 0.0 0.0 0.0 0.0 0.0 0.0 9.0 
Round12
1.0 2.0 -1.0 1.0 1.0 1.0 1.0 1.0 9.0 
1.0 2.0 -1.0 0.0 0.0 0.0 0.0 0.0 0.0 
1.0 0.0 -1.0 0.0 0.0 0.0 0.0 0.0 0.0 
0.0 0.0 -1.0 0.0 -1.0 -1.0 -1.0 -1.0 -1.0 
0.0 2.0 -1.0 0.0 3.0 3.0 3.0 3.0 3.0 
1.0 2.0 -1.0 0.0 0.0 0.0 0.0 0.0 0.0 
1.0 2.0 -1.0 0.0 0.0 0.0 0.0 0.0 0.0 
1.0 1.0 1.0 0.0 0.0 0.0 0.0 0.0 0.0 
0.0 0.0 0.0 0.0 0.0 0.0 0.0 0.0 9.0 
Round13
1.0 2.0 -1.0 1.0 1.0 1.0 1.0 1.0 9.0 
1.0 0.0 -1.0 0.0 0.0 0.0 0.0 0.0 0.0 
0.0 0.0 -1.0 0.0 0.0 0.0 0.0 0.0 0.0 
0.0 2.0 -1.0 0.0 -1.0 -1.0 -1.0 -1.0 -1.0 
1.0 2.0 -1.0 0.0 3.0 3.0 3.0 3.0 3.0 
1.0 2.0 -1.0 0.0 0.0 0.0 0.0 0.0 0.0 
1.0 2.0 -1.0 0.0 0.0 0.0 0.0 0.0 0.0 
1.0 1.0 1.0 0.0 0.0 0.0 0.0 0.0 0.0 
0.0 0.0 0.0 0.0 0.0 0.0 0.0 0.0 9.0 
Round14
1.0 3.0 -1.0 1.0 1.0 1.0 1.0 1.0 9.0 
0.0 0.0 -1.0 0.0 0.0 0.0 0.0 0.0 0.0 
0.0 2.0 -1.0 0.0 0.0 0.0 0.0 0.0 0.0 
1.0 2.0 -1.0 0.0 -1.0 -1.0 -1.0 -1.0 -1.0 
1.0 2.0 -1.0 0.0 3.0 3.0 3.0 3.0 3.0 
1.0 2.0 -1.0 0.0 0.0 0.0 0.0 0.0 0.0 
1.0 2.0 -1.0 0.0 0.0 0.0 0.0 0.0 0.0 
1.0 1.0 1.0 0.0 0.0 0.0 0.0 0.0 0.0 
0.0 0.0 0.0 0.0 0.0 0.0 0.0 0.0 9.0 
Round15
1.0 3.0 -1.0 1.0 1.0 1.0 1.0 1.0 9.0 
0.0 2.0 -1.0 0.0 0.0 0.0 0.0 0.0 0.0 
1.0 2.0 -1.0 0.0 0.0 0.0 0.0 0.0 0.0 
1.0 2.0 -1.0 0.0 -1.0 -1.0 -1.0 -1.0 -1.0 
1.0 2.0 -1.0 0.0 3.0 3.0 3.0 3.0 3.0 
1.0 2.0 -1.0 0.0 0.0 0.0 0.0 0.0 0.0 
1.0 2.0 -1.0 0.0 0.0 0.0 0.0 0.0 0.0 
1.0 1.0 1.0 0.0 0.0 0.0 0.0 0.0 0.0 
0.0 0.0 0.0 0.0 0.0 0.0 0.0 0.0 9.0 
Round16
1.0 2.0 -1.0 1.0 1.0 1.0 1.0 1.0 9.0 
1.0 2.0 -1.0 0.0 0.0 0.0 0.0 0.0 0.0 
1.0 2.0 -1.0 0.0 0.0 0.0 0.0 0.0 0.0 
1.0 2.0 -1.0 0.0 -1.0 -1.0 -1.0 -1.0 -1.0 
1.0 2.0 -1.0 0.0 3.0 3.0 3.0 3.0 3.0 
1.0 2.0 -1.0 0.0 0.0 0.0 0.0 0.0 0.0 
1.0 2.0 -1.0 0.0 0.0 0.0 0.0 0.0 0.0 
1.0 1.0 1.0 0.0 0.0 0.0 0.0 0.0 0.0 
0.0 0.0 0.0 0.0 0.0 0.0 0.0 0.0 9.0 
Round17
1.0 2.0 -1.0 1.0 1.0 1.0 1.0 1.0 9.0 
1.0 2.0 -1.0 0.0 0.0 0.0 0.0 0.0 0.0 
1.0 2.0 -1.0 0.0 0.0 0.0 0.0 0.0 0.0 
1.0 2.0 -1.0 0.0 -1.0 -1.0 -1.0 -1.0 -1.0 
1.0 2.0 -1.0 0.0 3.0 3.0 3.0 3.0 3.0 
1.0 2.0 -1.0 0.0 0.0 0.0 0.0 0.0 0.0 
1.0 2.0 -1.0 0.0 0.0 0.0 0.0 0.0 0.0 
1.0 1.0 1.0 0.0 0.0 0.0 0.0 0.0 0.0 
0.0 0.0 0.0 0.0 0.0 0.0 0.0 0.0 9.0 
