Round1
-0.5 -0.5 nan -0.5 -0.5 -0.5 -0.5 -0.5 20.0 
-0.5 -0.5 nan -0.5 -0.5 -0.5 -0.5 -0.5 -0.5 
-0.5 -0.5 nan -0.5 -0.5 -0.5 -0.5 -0.5 -0.5 
-0.5 -0.5 nan -0.5 nan nan nan nan nan 
-0.5 -0.5 nan -0.5 -0.5 -0.5 -0.5 -0.5 -0.5 
-0.5 -0.5 nan -0.5 -0.5 -0.5 -0.5 -0.5 -0.5 
-0.5 -0.5 nan -0.5 -0.5 -0.5 -0.5 -0.5 -0.5 
-0.5 -0.5 -0.5 -0.5 -0.5 -0.5 -0.5 -0.5 -0.5 
-0.5 -0.5 -0.5 -0.5 -0.5 -0.5 -0.5 -0.5 -20.0 
Round2
-0.5 -0.5 nan -0.5 -0.5 -0.5 -0.5 -0.5 20.0 
-0.5 -0.5 nan -0.5 -0.5 -0.5 -0.5 -0.5 -0.5 
-0.5 -0.5 nan -0.5 -0.5 -0.5 -0.5 -0.5 -0.5 
-0.5 -0.5 nan -0.5 nan nan nan nan nan 
-0.5 -0.5 nan -0.5 -0.5 -0.5 -0.5 -0.5 -0.5 
-0.5 -0.5 nan -0.5 -0.5 -0.5 -0.5 -0.5 -0.5 
-0.5 -0.5 nan -0.5 -0.5 -0.5 -0.5 -0.5 -0.5 
-0.5 -0.5 -0.5 -0.5 -0.5 -0.5 -0.5 -0.5 -0.5 
-0.5 -0.5 -0.5 -0.5 -0.5 -0.5 -0.5 -0.5 -20.0 
Round3
-0.5 -0.5 nan -0.5 -0.5 -0.5 -0.5 -0.5 20.0 
-0.5 -0.5 nan -0.5 -0.5 -0.5 -0.5 -0.5 -0.5 
-0.5 -0.5 nan -0.5 -0.5 -0.5 -0.5 -0.5 -0.5 
-0.5 -0.5 nan -0.5 nan nan nan nan nan 
-0.5 -0.5 nan -0.5 -0.5 -0.5 -0.5 -0.5 -0.5 
-0.5 -0.5 nan -0.5 -0.5 -0.5 -0.5 -0.5 -0.5 
-0.5 -0.5 nan -0.5 -0.5 -0.5 -0.5 -0.5 -0.5 
-0.5 -0.5 -0.5 -0.5 -0.5 -0.5 -0.5 -0.5 -0.5 
-0.5 -0.5 -0.5 -0.5 -0.5 -0.5 -0.5 -0.5 -20.0 
Round4
-0.5 -0.5 nan -0.5 -0.5 -0.5 -0.5 -0.5 20.0 
-0.5 -0.5 nan -0.5 -0.5 -0.5 -0.5 -0.5 -0.5 
-0.5 -0.5 nan -0.5 -0.5 -0.5 -0.5 -0.5 -0.5 
-0.5 -0.5 nan -0.5 nan nan nan nan nan 
-0.5 -0.5 nan -0.5 -0.5 -0.5 -0.5 -0.5 -0.5 
-0.5 -0.5 nan -0.5 -0.5 -0.5 -0.5 -0.5 -0.5 
-0.5 -0.5 nan -0.5 -0.5 -0.5 -0.5 -0.5 -0.5 
-0.5 -0.5 -0.5 -0.5 -0.5 -0.5 -0.5 -0.5 -0.5 
-0.5 -0.5 -0.5 -0.5 -0.5 -0.5 -0.5 -0.5 -20.0 
Round5
-0.5 -0.5 nan -0.5 -0.5 -0.5 -0.5 -0.5 20.0 
-0.5 -0.5 nan -0.5 -0.5 -0.5 -0.5 -0.5 -0.5 
-0.5 -0.5 nan -0.5 -0.5 -0.5 -0.5 -0.5 -0.5 
-0.5 -0.5 nan -0.5 nan nan nan nan nan 
-0.5 -0.5 nan -0.5 -0.5 -0.5 -0.5 -0.5 -0.5 
-0.5 -0.5 nan -0.5 -0.5 -0.5 -0.5 -0.5 -0.5 
-0.5 -0.5 nan -0.5 -0.5 -0.5 -0.5 -0.5 -0.5 
-0.5 -0.5 -0.5 -0.5 -0.5 -0.5 -0.5 -0.5 -0.5 
-0.5 -0.5 -0.5 -0.5 -0.5 -0.5 -0.5 -0.5 -20.0 
Round6
-0.5 -0.5 nan -0.5 -0.5 -0.5 -0.5 -0.5 20.0 
-0.5 -0.5 nan -0.5 -0.5 -0.5 -0.5 -0.5 -0.5 
-0.5 -0.5 nan -0.5 -0.5 -0.5 -0.5 -0.5 -0.5 
-0.5 -0.5 nan -0.5 nan nan nan nan nan 
-0.5 -0.5 nan -0.5 -0.5 -0.5 -0.5 -0.5 -0.5 
-0.5 -0.5 nan -0.5 -0.5 -0.5 -0.5 -0.5 -0.5 
-0.5 -0.5 nan -0.5 -0.5 -0.5 -0.5 -0.5 -0.5 
-0.5 -0.5 -0.5 -0.5 -0.5 -0.5 -0.5 -0.5 -0.5 
-0.5 -0.5 -0.5 -0.5 -0.5 -0.5 -0.5 -0.5 -20.0 
Round7
-0.5 -0.5 nan -0.5 -0.5 -0.5 -0.5 -0.5 20.0 
-0.5 -0.5 nan -0.5 -0.5 -0.5 -0.5 -0.5 -0.5 
-0.5 -0.5 nan -0.5 -0.5 -0.5 -0.5 -0.5 -0.5 
-0.5 -0.5 nan -0.5 nan nan nan nan nan 
-0.5 -0.5 nan -0.5 -0.5 -0.5 -0.5 -0.5 -0.5 
-0.5 -0.5 nan -0.5 -0.5 -0.5 -0.5 -0.5 -0.5 
-0.5 -0.5 nan -0.5 -0.5 -0.5 -0.5 -0.5 -0.5 
-0.5 -0.5 -0.5 -0.5 -0.5 -0.5 -0.5 -0.5 -0.5 
-0.5 -0.5 -0.5 -0.5 -0.5 -0.5 -0.5 -0.5 -20.0 
Round8
-0.5 -0.5 nan -0.5 -0.5 -0.5 -0.5 -0.5 20.0 
-0.5 -0.5 nan -0.5 -0.5 -0.5 -0.5 -0.5 -0.5 
-0.5 -0.5 nan -0.5 -0.5 -0.5 -0.5 -0.5 -0.5 
-0.5 -0.5 nan -0.5 nan nan nan nan nan 
-0.5 -0.5 nan -0.5 -0.5 -0.5 -0.5 -0.5 -0.5 
-0.5 -0.5 nan -0.5 -0.5 -0.5 -0.5 -0.5 -0.5 
-0.5 -0.5 nan -0.5 -0.5 -0.5 -0.5 -0.5 -0.5 
-0.5 -0.5 -0.5 -0.5 -0.5 -0.5 -0.5 -0.5 -0.5 
-0.5 -0.5 -0.5 -0.5 -0.5 -0.5 -0.5 -0.5 -20.0 
Round9
-0.5 -0.5 nan -0.5 -0.5 -0.5 -0.5 -0.5 20.0 
-0.5 -0.5 nan -0.5 -0.5 -0.5 -0.5 -0.5 -0.5 
-0.5 -0.5 nan -0.5 -0.5 -0.5 -0.5 -0.5 -0.5 
-0.5 -0.5 nan -0.5 nan nan nan nan nan 
-0.5 -0.5 nan -0.5 -0.5 -0.5 -0.5 -0.5 -0.5 
-0.5 -0.5 nan -0.5 -0.5 -0.5 -0.5 -0.5 -0.5 
-0.5 -0.5 nan -0.5 -0.5 -0.5 -0.5 -0.5 -0.5 
-0.5 -0.5 -0.5 -0.5 -0.5 -0.5 -0.5 -0.5 -0.5 
-0.5 -0.5 -0.5 -0.5 -0.5 -0.5 -0.5 -0.5 -20.0 
Round10
-0.5 -0.5 nan -0.5 -0.5 -0.5 -0.5 -0.5 20.0 
-0.5 -0.5 nan -0.5 -0.5 -0.5 -0.5 -0.5 -0.5 
-0.5 -0.5 nan -0.5 -0.5 -0.5 -0.5 -0.5 -0.5 
-0.5 -0.5 nan -0.5 nan nan nan nan nan 
-0.5 -0.5 nan -0.5 -0.5 -0.5 -0.5 -0.5 -0.5 
-0.5 -0.5 nan -0.5 -0.5 -0.5 -0.5 -0.5 -0.5 
-0.5 -0.5 nan -0.5 -0.5 -0.5 -0.5 -0.5 -0.5 
-0.5 -0.5 -0.5 -0.5 -0.5 -0.5 -0.5 -0.5 -0.5 
-0.5 -0.5 -0.5 -0.5 -0.5 -0.5 -0.5 -0.5 -20.0 
Round11
-0.5 -0.5 nan -0.5 -0.5 -0.5 -0.5 -0.5 20.0 
-0.5 -0.5 nan -0.5 -0.5 -0.5 -0.5 -0.5 -0.5 
-0.5 -0.5 nan -0.5 -0.5 -0.5 -0.5 -0.5 -0.5 
-0.5 -0.5 nan -0.5 nan nan nan nan nan 
-0.5 -0.5 nan -0.5 -0.5 -0.5 -0.5 -0.5 -0.5 
-0.5 -0.5 nan -0.5 -0.5 -0.5 -0.5 -0.5 -0.5 
-0.5 -0.5 nan -0.5 -0.5 -0.5 -0.5 -0.5 -0.5 
-0.5 -0.5 -0.5 -0.5 -0.5 -0.5 -0.5 -0.5 -0.5 
-0.5 -0.5 -0.5 -0.5 -0.5 -0.5 -0.5 -0.5 -20.0 
Round12
-0.5 -0.5 nan -0.5 -0.5 -0.5 -0.5 -0.5 20.0 
-0.5 -0.5 nan -0.5 -0.5 -0.5 -0.5 -0.5 -0.5 
-0.5 -0.5 nan -0.5 -0.5 -0.5 -0.5 -0.5 -0.5 
-0.5 -0.5 nan -0.5 nan nan nan nan nan 
-0.5 -0.5 nan -0.5 -0.5 -0.5 -0.5 -0.5 -0.5 
-0.5 -0.5 nan -0.5 -0.5 -0.5 -0.5 -0.5 -0.5 
-0.5 -0.5 nan -0.5 -0.5 -0.5 -0.5 -0.5 -0.5 
-0.5 -0.5 -0.5 -0.5 -0.5 -0.5 -0.5 -0.5 -0.5 
-0.5 -0.5 -0.5 -0.5 -0.5 -0.5 -0.5 -0.5 -20.0 
Round13
-0.5 -0.5 nan -0.5 -0.5 -0.5 -0.5 -0.5 20.0 
-0.5 -0.5 nan -0.5 -0.5 -0.5 -0.5 -0.5 -0.5 
-0.5 -0.5 nan -0.5 -0.5 -0.5 -0.5 -0.5 -0.5 
-0.5 -0.5 nan -0.5 nan nan nan nan nan 
-0.5 -0.5 nan -0.5 -0.5 -0.5 -0.5 -0.5 -0.5 
-0.5 -0.5 nan -0.5 -0.5 -0.5 -0.5 -0.5 -0.5 
-0.5 -0.5 nan -0.5 -0.5 -0.5 -0.5 -0.5 -0.5 
-0.5 -0.5 -0.5 -0.5 -0.5 -0.5 -0.5 -0.5 -0.5 
-0.5 -0.5 -0.5 -0.5 -0.5 -0.5 -0.5 -0.5 -20.0 
Round14
-0.5 -0.5 nan -0.5 -0.5 -0.5 -0.5 -0.5 20.0 
-0.5 -0.5 nan -0.5 -0.5 -0.5 -0.5 -0.5 -0.5 
-0.5 -0.5 nan -0.5 -0.5 -0.5 -0.5 -0.5 -0.5 
-0.5 -0.5 nan -0.5 nan nan nan nan nan 
-0.5 -0.5 nan -0.5 -0.5 -0.5 -0.5 -0.5 -0.5 
-0.5 -0.5 nan -0.5 -0.5 -0.5 -0.5 -0.5 -0.5 
-0.5 -0.5 nan -0.5 -0.5 -0.5 -0.5 -0.5 -0.5 
-0.5 -0.5 -0.5 -0.5 -0.5 -0.5 -0.5 -0.5 -0.5 
-0.5 -0.5 -0.5 -0.5 -0.5 -0.5 -0.5 -0.5 -20.0 
Round15
-0.5 -0.5 nan -0.5 -0.5 -0.5 -0.5 -0.5 20.0 
-0.5 -0.5 nan -0.5 -0.5 -0.5 -0.5 -0.5 -0.5 
-0.5 -0.5 nan -0.5 -0.5 -0.5 -0.5 -0.5 -0.5 
-0.5 -0.5 nan -0.5 nan nan nan nan nan 
-0.5 -0.5 nan -0.5 -0.5 -0.5 -0.5 -0.5 -0.5 
-0.5 -0.5 nan -0.5 -0.5 -0.5 -0.5 -0.5 -0.5 
-0.5 -0.5 nan -0.5 -0.5 -0.5 -0.5 -0.5 -0.5 
-0.5 -0.5 -0.5 -0.5 -0.5 -0.5 -0.5 -0.5 -0.5 
-0.5 -0.5 -0.5 -0.5 -0.5 -0.5 -0.5 -0.5 -20.0 
Round16
-0.5 -0.5 nan -0.5 -0.5 -0.5 -0.5 -0.5 20.0 
-0.5 -0.5 nan -0.5 -0.5 -0.5 -0.5 -0.5 -0.5 
-0.5 -0.5 nan -0.5 -0.5 -0.5 -0.5 -0.5 -0.5 
-0.5 -0.5 nan -0.5 nan nan nan nan nan 
-0.5 -0.5 nan -0.5 -0.5 -0.5 -0.5 -0.5 -0.5 
-0.5 -0.5 nan -0.5 -0.5 -0.5 -0.5 -0.5 -0.5 
-0.5 -0.5 nan -0.5 -0.5 -0.5 -0.5 -0.5 -0.5 
-0.5 -0.5 -0.5 -0.5 -0.5 -0.5 -0.5 -0.5 -0.5 
-0.5 -0.5 -0.5 -0.5 -0.5 -0.5 -0.5 -0.5 -20.0 
Round17
-0.5 -0.5 nan -0.5 -0.5 -0.5 -0.5 -0.5 20.0 
-0.5 -0.5 nan -0.5 -0.5 -0.5 -0.5 -0.5 -0.5 
-0.5 -0.5 nan -0.5 -0.5 -0.5 -0.5 -0.5 -0.5 
-0.5 -0.5 nan -0.5 nan nan nan nan nan 
-0.5 -0.5 nan -0.5 -0.5 -0.5 -0.5 -0.5 -0.5 
-0.5 -0.5 nan -0.5 -0.5 -0.5 -0.5 -0.5 -0.5 
-0.5 -0.5 nan -0.5 -0.5 -0.5 -0.5 -0.5 -0.5 
-0.5 -0.5 -0.5 -0.5 -0.5 -0.5 -0.5 -0.5 -0.5 
-0.5 -0.5 -0.5 -0.5 -0.5 -0.5 -0.5 -0.5 -20.0 
