Round1
2.0 2.0 -1.0 1.0 9.0 
1.0 3.0 -1.0 0.0 0.0 
2.0 2.0 -1.0 0.0 0.0 
1.0 3.0 3.0 2.0 0.0 
0.0 0.0 1.0 3.0 9.0 
Round2
1.0 2.0 -1.0 1.0 9.0 
2.0 2.0 -1.0 0.0 0.0 
1.0 2.0 -1.0 0.0 0.0 
1.0 0.0 3.0 0.0 0.0 
0.0 0.0 0.0 0.0 9.0 
Round3
2.0 2.0 -1.0 1.0 9.0 
1.0 2.0 -1.0 0.0 0.0 
1.0 0.0 -1.0 0.0 0.0 
0.0 0.0 1.0 0.0 0.0 
0.0 0.0 1.0 0.0 9.0 
Round4
1.0 2.0 -1.0 1.0 9.0 
1.0 0.0 -1.0 0.0 0.0 
0.0 0.0 -1.0 0.0 0.0 
0.0 1.0 1.0 0.0 0.0 
0.0 1.0 0.0 0.0 9.0 
Round5
1.0 3.0 -1.0 1.0 9.0 
0.0 0.0 -1.0 0.0 0.0 
0.0 2.0 -1.0 0.0 0.0 
1.0 1.0 1.0 0.0 0.0 
1.0 0.0 0.0 0.0 9.0 
Round6
1.0 3.0 -1.0 1.0 9.0 
0.0 2.0 -1.0 0.0 0.0 
1.0 2.0 -1.0 0.0 0.0 
1.0 1.0 1.0 0.0 0.0 
0.0 0.0 0.0 0.0 9.0 
Round7
1.0 2.0 -1.0 1.0 9.0 
1.0 2.0 -1.0 0.0 0.0 
1.0 2.0 -1.0 0.0 0.0 
1.0 1.0 1.0 0.0 0.0 
0.0 0.0 0.0 0.0 9.0 
Round8
1.0 2.0 -1.0 1.0 9.0 
1.0 2.0 -1.0 0.0 0.0 
1.0 2.0 -1.0 0.0 0.0 
1.0 1.0 1.0 0.0 0.0 
0.0 0.0 0.0 0.0 9.0 
