Round1
-0.5 -0.5 nan -0.5 10.0 
-0.5 -0.5 nan -0.5 -0.5 
-0.5 -0.5 nan -0.5 -0.5 
-0.5 -0.5 -0.5 -0.5 -0.5 
-0.5 -0.5 -0.5 -0.5 -10.0 
Round2
-0.5 -0.5 nan -0.5 10.0 
-0.5 -0.5 nan -0.5 -0.5 
-0.5 -0.5 nan -0.5 -0.5 
-0.5 -0.5 -0.5 -0.5 -0.5 
-0.5 -0.5 -0.5 -0.5 -10.0 
Round3
-0.5 -0.5 nan -0.5 10.0 
-0.5 -0.5 nan -0.5 -0.5 
-0.5 -0.5 nan -0.5 -0.5 
-0.5 -0.5 -0.5 -0.5 -0.5 
-0.5 -0.5 -0.5 -0.5 -10.0 
Round4
-0.5 -0.5 nan -0.5 10.0 
-0.5 -0.5 nan -0.5 -0.5 
-0.5 -0.5 nan -0.5 -0.5 
-0.5 -0.5 -0.5 -0.5 -0.5 
-0.5 -0.5 -0.5 -0.5 -10.0 
Round5
-0.5 -0.5 nan -0.5 10.0 
-0.5 -0.5 nan -0.5 -0.5 
-0.5 -0.5 nan -0.5 -0.5 
-0.5 -0.5 -0.5 -0.5 -0.5 
-0.5 -0.5 -0.5 -0.5 -10.0 
Round6
-0.5 -0.5 nan -0.5 10.0 
-0.5 -0.5 nan -0.5 -0.5 
-0.5 -0.5 nan -0.5 -0.5 
-0.5 -0.5 -0.5 -0.5 -0.5 
-0.5 -0.5 -0.5 -0.5 -10.0 
Round7
-0.5 -0.5 nan -0.5 10.0 
-0.5 -0.5 nan -0.5 -0.5 
-0.5 -0.5 nan -0.5 -0.5 
-0.5 -0.5 -0.5 -0.5 -0.5 
-0.5 -0.5 -0.5 -0.5 -10.0 
Round8
-0.5 -0.5 nan -0.5 10.0 
-0.5 -0.5 nan -0.5 -0.5 
-0.5 -0.5 nan -0.5 -0.5 
-0.5 -0.5 -0.5 -0.5 -0.5 
-0.5 -0.5 -0.5 -0.5 -10.0 
