Round1
-0.176 0.599 nan 9.0 0.0 
0.599 0.089 nan 7.65 9.0 
0.868 2.394 nan 6.435 7.65 
2.394 1.705 1.084 1.305 6.435 
1.705 1.084 1.305 0.725 0.0 
Round2
0.089 -0.37 nan 9.0 0.0 
0.331 1.705 nan 7.65 9.0 
1.705 1.084 nan 6.435 7.65 
1.084 0.526 0.023 5.342 6.435 
0.526 0.023 -0.429 4.357 0.0 
Round3
-0.152 1.084 nan 9.0 0.0 
1.084 0.526 nan 7.65 9.0 
0.526 0.023 nan 6.435 7.65 
0.023 -0.429 4.357 5.342 6.435 
-0.429 -0.836 3.472 4.357 0.0 
Round4
0.526 0.023 nan 9.0 0.0 
0.023 -0.429 nan 7.65 9.0 
-0.429 -0.836 nan 6.435 7.65 
-0.836 3.472 4.357 5.342 6.435 
-1.202 2.674 3.472 4.357 0.0 
Round5
-0.429 -0.836 nan 9.0 0.0 
-0.836 -1.202 nan 7.65 9.0 
-1.202 2.674 nan 6.435 7.65 
2.674 3.472 4.357 5.342 6.435 
1.957 2.674 3.472 4.357 0.0 
Round6
-1.202 -1.532 nan 9.0 0.0 
-1.532 1.957 nan 7.65 9.0 
1.957 2.674 nan 6.435 7.65 
2.674 3.472 4.357 5.342 6.435 
1.957 2.674 3.472 4.357 0.0 
Round7
-1.829 1.311 nan 9.0 0.0 
1.311 1.957 nan 7.65 9.0 
1.957 2.674 nan 6.435 7.65 
2.674 3.472 4.357 5.342 6.435 
1.957 2.674 3.472 4.357 0.0 
Round8
0.73 1.311 nan 9.0 0.0 
1.311 1.957 nan 7.65 9.0 
1.957 2.674 nan 6.435 7.65 
2.674 3.472 4.357 5.342 6.435 
1.957 2.674 3.472 4.357 0.0 
